0.390399
0.315756
4.2039e-45
2.8026e-45
6.9871
5.76834
4.01645
3.03001
2.627
2.03613
1.60227
1.09209
0.395972
0.102918
0.000213306
6.37358
5.04016
2.62145
2.0549
1.90238
1.50377
1.01155
0.565719
0.443501
0.0861037
0.00283682
5.87057
4.79202
3.56227
3.03471
2.65997
1.79805
1.57614
0.878997
0.757389
0.160566
0.00061348
6.33555
5.3041
3.86478
3.18131
2.95786
1.47995
1.21905
0.815397
0.526415
0.13292
0.00171354
6.19814
5.14065
3.60134
3.00129
2.60038
1.53312
0.926741
0.822619
0.236404
0.181522
0.00081491
4.75525
4.36585
3.36997
2.72849
2.37639
1.4057
1.03428
0.638349
0.45905
0.0102121
0.00101736
6.72365
4.52025
3.54937
3.02577
2.89944
2.57205
2.4251
0.929312
0.674516
8.40779e-45
2.8026e-45
5.63609
4.75169
2.73232
2.14005
1.80721
1.71305
1.1956
0.910667
0.516039
0.386785
0.00280639
5.38831
4.66578
4.14665
2.93937
2.50125
1.76286
1.12285
0.85862
0.666776
0.11452
0.0038933
5.63571
4.22399
3.82701
2.48637
2.27
1.24505
0.615479
0.431682
0.148255
0.0243685
0.00153855
7.29031
4.94234
4.10821
3.13434
2.79783
1.98384
1.66471
0.684942
0.458969
0.0185796
0.000261576
5.88436
5.09995
4.29015
2.83991
2.58249
1.74491
1.70039
1.28291
0.613835
0.211389
0.000257106
5.67086
4.5143
3.9247
2.68985
2.45081
1.50783
0.909658
0.781561
0.411873
0.279498
0.000340289
5.19339
4.26514
3.62664
2.41338
2.01629
1.51576
0.913864
0.197145
0.0882733
0.0238403
0.00370932
6.04796
4.53257
3.81334
3.06533
2.78138
1.75842
1.58478
1.01472
0.60298
0.403138
0.000993952
6.66399
5.35015
3.71124
2.94976
2.63369
1.50314
0.957643
0.581728
0.303738
0.0282399
0.000214766
6.43483
5.06179
3.79995
3.23518
2.65911
1.52887
1.12428
0.771719
0.49704
0.198589
0.000331043
6.17087
5.01968
3.84149
3.21308
2.76594
1.79727
1.22959
0.74898
0.454762
0.223519
4.73094e-05
6.67467
5.83419
4.62729
4.2542
2.83351
2.22373
2.17532
1.08222
1.02994
0.0541032
0.00325751
5.91292
4.36897
4.07223
3.18049
2.64403
2.22811
1.60271
0.67258
0.41248
0.0238363
0.0184278
5.5979
5.4475
4.39814
2.87984
2.57068
1.77239
1.35657
1.13837
0.659458
0.0676167
0.00160736
5.3072
4.60967
3.00677
2.33902
2.00947
0.656369
0.530132
0.246791
0.075642
0.0155624
0.00114864
6.48294
5.2291
3.92746
3.04341
2.9436
1.35178
1.17599
0.590751
0.456687
0.247061
0.000836344
5.86224
4.52347
3.89187
3.36976
2.98833
2.51972
2.41681
0.999909
0.297214
5.60519e-45
4.2039e-45
5.91022
4.35818
4.05531
2.87177
2.52552
0.981924
0.708723
0.575338
0.385111
0.256933
0.00319122
6.65585
4.92995
3.91005
2.71372
2.42645
1.31669
0.69167
0.199388
0.0893624
0.0575722
0.00123689
7.43898
4.94034
3.79719
3.29074
2.7933
1.57964
1.1399
0.55323
0.394752
0.0047427
0.000165041
7.38554
5.48406
4.25963
3.15827
2.62017
1.8001
1.20114
0.620174
0.529611
0.185886
0.00356994
7.17871
4.48953
3.79697
3.12272
2.96339
1.87431
1.48482
0.816643
0.629735
0.340524
0.00486747
5.22741
4.40351
2.59027
1.94709
1.73586
1.49417
1.19958
0.861528
0.782357
0.0417907
0.00184718
5.36156
4.54939
2.45162
1.67516
1.00043
0.898417
0.520103
0.151279
0.0686349
0.0395521
0.000149151
5.98152
5.579
3.9763
3.5006
2.60231
2.48452
2.31215
0.859955
0.442598
0.0632893
0.00160799
8.41251
6.03805
4.21746
3.00729
2.79146
1.67559
1.22959
0.542853
0.273208
0.0496875
0.00415055
4.76548
4.3816
3.63948
2.98359
2.54179
1.81115
1.6722
0.971078
0.787515
0.258249
0.00153583
5.13557
4.05545
3.67372
3.05825
2.49158
1.35641
1.08619
0.499329
0.218908
0.0127838
0.00444639
4.69007
4.35624
3.75712
3.07316
2.53392
1.94022
1.63561
1.37607
0.839903
0.758213
0.000778035
5.88689
4.45563
2.77492
2.14455
1.91663
1.84064
1.15171
1.02002
0.655148
0.0933441
0.00353155
6.21194
5.3666
4.18651
3.58829
3.11053
2.54327
2.10106
0.807268
0.597118
0.226672
0.000573921
5.48647
4.15873
3.77203
3.17305
3.01377
2.09612
1.68488
1.20203
0.661817
0.536507
0.218039
6.38885
4.57559
2.95813
2.26892
2.11579
1.13862
0.728446
0.387095
0.334815
0.0436697
0.000266442
7.33438
4.5781
4.25281
3.795
3.08839
2.12967
1.9585
0.546188
0.365402
0.0276587
0.0042041
4.68436
4.50667
2.45299
1.19117
0.744942
0.249208
0.221607
0.101099
0.0859044
0.00199865
0.000598539
5.73734
5.21635
3.85638
3.00722
2.75829
1.72483
0.447941
0.202356
0.148743
0.0931051
0.00144393
6.12446
4.70188
2.83009
2.18014
2.07729
1.39121
0.873216
0.425686
0.387155
0.0744976
0.000254419
5.81316
5.56734
3.8536
2.71746
2.42742
1.91016
1.06482
0.774726
0.640978
0.230185
0.00087171
5.61626
4.30467
2.47202
1.33907
1.18825
0.786015
0.422056
0.118459
0.0736075
0.058512
0.000344655
6.34857
4.40317
3.38371
2.75433
2.33295
1.92889
1.75455
0.591174
0.224047
0.0520363
0.000285309
6.44191
5.01506
4.13015
3.42567
2.35413
2.2164
1.95076
1.16012
0.355349
0.309332
0.00122355
6.05088
4.601
2.93794
2.47166
2.13765
1.77755
1.25897
1.00926
0.229485
0.0819979
0.000635904
7.07034
5.47285
4.03295
3.02682
2.64007
1.49044
1.28421
1.15521
0.747644
0.232278
0.000830413
6.26072
4.84489
4.23076
2.70693
2.61368
1.19213
1.03801
0.158311
0.109592
0.0364223
0.00154691
5.99044
4.98725
3.76001
2.85571
2.52779
1.46089
1.36118
0.768996
0.513054
0.373915
0.00127763
6.30057
4.57944
3.74958
2.8784
2.56569
1.69288
1.25901
1.11663
0.770538
0.138447
0.00336936
6.42595
4.88128
2.70597
2.33499
1.59096
1.29084
1.18355
0.81217
0.138857
0.0543208
0.000688305
6.4077
4.554
3.88039
3.00363
2.77948
1.22817
0.904696
0.370812
0.273374
0.203616
0.000890835
6.49385
5.07529
4.23696
2.94609
2.60175
1.42898
1.25528
1.12734
0.671925
0.212316
0.000870047
7.38083
4.76171
4.41147
4.21957
2.76597
2.27046
2.08422
0.731251
0.424523
0.231725
0.00270178
5.77099
4.44418
4.26301
2.60713
2.4561
1.25676
0.641734
0.508499
0.302429
0.0408619
0.0264091
6.16079
4.76871
2.57051
2.26931
1.7201
1.29784
0.974897
0.390115
0.121999
0.100967
0.0244579
5.1658
4.6742
3.50908
2.65101
2.38225
0.799642
0.471789
0.316044
0.173573
0.0109122
0.000746023
5.79469
4.3784
3.75088
3.10896
2.8403
1.88126
1.63726
0.542148
0.479925
0.383773
0.000501929
5.52984
4.53835
3.73736
3.56464
2.56857
2.42646
2.00772
1.71824
1.36538
0.600186
0.00389959
6.4077
4.42923
3.3556
2.56847
2.34649
1.04547
0.653857
0.435492
0.285541
0.195398
0.000183319
5.2344
4.32475
2.76134
2.12692
1.90304
1.42675
1.09281
0.604889
0.398049
0.0883405
0.000542872
6.92309
5.2153
3.87184
2.55333
2.36801
1.98125
1.85001
1.084
0.85476
0.0747476
0.00171474
7.32978
4.57004
3.08173
2.49818
2.32803
1.60032
1.01696
0.488818
0.335136
0.132278
0.00351774
5.66536
5.07037
3.8684
2.82065
2.57499
1.66937
1.21729
0.873804
0.605357
0.0479169
0.00168099
5.10902
4.13878
3.5172
2.95791
2.64242
1.70126
1.29826
0.465178
0.211321
0.0162066
0.0005111
6.48849
5.24899
4.39198
3.96377
2.66971
2.33221
2.24387
1.41693
0.382922
0.0779292
0.000929582
6.0375
4.95187
3.90396
2.65865
2.35321
1.76168
1.45799
0.735352
0.618542
0.22647
0.000434778
9.60915
5.92297
4.04093
3.84846
2.97239
2.00473
1.68821
0.612251
0.45801
0.161275
6.1473e-05
5.60493
4.75632
3.90003
3.45558
2.88218
2.06608
1.54122
0.718279
0.355632
0.279609
0.0019554
5.84802
4.7488
2.49538
1.60473
1.45061
1.09812
0.875286
0.324317
0.28803
0.0600981
0.00073568
5.3641
4.60086
3.93689
2.59083
2.34237
1.39607
1.30707
1.17409
0.545281
0.0439048
0.00330731
5.99081
4.49867
3.66993
2.92019
2.78187
1.55922
1.10802
0.646285
0.280253
5.60519e-45
2.8026e-45
8.06047
4.24232
3.76088
3.12868
2.88123
1.6951
1.24791
1.02121
0.323999
0.0611819
0.00212401
6.0521
4.92574
3.83302
2.97587
2.66486
1.21988
0.70928
0.138565
0.0962723
0.0713798
5.3001e-06
6.31539
4.94821
3.83027
3.10263
2.65211
1.40511
1.33932
0.906607
0.448531
0.0188085
0.00214084
6.62778
4.05639
3.69414
3.3279
2.77715
1.83693
1.59352
1.40434
1.00557
0.224665
0.000487258
5.51037
4.56419
3.97557
3.68501
3.35863
2.64741
1.95692
1.79813
0.991841
0.067356
0.00199079
4.96513
4.39803
3.28378
2.40199
2.16561
0.866391
0.555357
0.333071
0.16341
0.043691
0.000541061
6.87927
4.59974
3.1949
2.49047
2.31414
0.815808
0.654769
0.143677
0.0742505
0.015843
0.000939297
7.24528
6.13286
4.8385
3.8567
3.00062
2.5114
2.46998
1.08285
0.736502
0.305227
0.000466337
5.81279
4.5533
2.73952
2.28841
2.02157
1.91244
1.59417
1.01301
0.616256
0.0569649
0.00903484
8.19726
5.74072
4.09992
3.23288
3.13559
1.47753
1.36153
0.63324
0.529219
0.202361
0.000450057
5.82934
4.66109
3.58389
2.82137
2.49181
1.7309
1.15036
0.632602
0.477039
0.174823
0.000248536
6.084
4.91529
3.28628
2.98661
2.73162
1.90586
1.71291
0.903728
0.488455
0.232688
0.156953
6.50545
5.65109
3.81354
3.02744
2.73307
1.91131
1.49835
1.42546
0.653297
0.0754546
0.00103595
5.52935
4.4276
3.53021
2.73813
2.36907
1.64347
1.32363
1.20587
1.1634
0.357163
0.000932238
6.2353
4.88559
2.92977
2.3056
1.95139
1.41402
0.85218
0.720683
0.149616
0.0699837
0.00139611
5.37037
4.65656
4.38843
2.55661
2.47976
1.91122
1.6246
1.25224
0.352685
0.339482
0.00174049
6.98318
5.10858
2.70693
2.19604
2.1402
1.58681
1.34544
1.23827
0.112488
0.106722
0.00143626
9.25203
5.65787
4.23559
3.33914
3.19653
2.27849
2.06831
1.02809
0.681513
0.446266
0.000747241
5.56343
4.57827
3.8233
2.83001
2.77135
1.56907
1.41896
0.962296
0.671972
0.476552
0.000968185
6.24984
4.80744
3.90544
3.00503
2.67616
1.75165
1.20359
1.0136
0.446097
0.177869
0.00371891
7.81543
4.55314
3.52104
2.7219
2.44365
1.88194
1.30647
0.511372
0.182346
0.159182
0.00209992
5.16711
4.49691
4.26773
2.96774
2.73243
1.69508
1.24664
0.482388
0.155475
0.102433
0.000988875
6.96159
5.29997
3.5418
2.97419
2.95203
1.57663
0.965769
0.743295
0.612885
0.0321846
0.000230889
6.85577
5.17784
2.95397
2.54142
2.28842
1.90466
1.46909
0.715619
0.298328
0.242161
0.00257026
6.11868
5.28556
2.74601
2.12865
1.98697
1.7661
1.06916
0.621535
0.4267
0.0580727
0.000837454
6.92291
4.54766
4.19208
3.06917
2.80331
1.79497
1.44883
0.892343
0.435454
0.1866
0.00182381
5.70159
4.86159
4.13512
2.58224
2.10754
1.99527
1.39987
0.884456
0.516398
0.0748791
0.00145217
5.55293
4.15669
3.87028
3.11494
2.8902
2.11975
1.78679
1.41015
0.755046
0.00461843
2.242e-05
5.65329
5.04592
3.5607
2.77746
2.56223
1.10532
0.312673
0.100713
0.0544684
0.0122758
0.00162945
5.30735
4.99375
3.8065
2.64433
2.26595
1.74784
1.16486
1.04913
0.699252
0.454857
0.000736835
5.92458
5.6984
4.21087
3.23041
2.62318
1.91682
1.62595
1.001
0.568518
0.300591
7.30978e-05
5.86102
4.84368
3.54863
2.90562
2.56811
1.38997
1.28811
0.529155
0.26098
0.0274606
0.000725769
7.99377
4.33446
3.70644
3.1467
2.80153
2.04901
1.63329
1.14847
0.67284
0.204914
0.000510499
5.97313
4.54556
3.87092
2.99975
2.83437
1.40499
1.00993
0.331603
0.209127
0.184692
0.00114252
6.94426
5.3749
3.80356
3.04389
2.78033
1.20561
0.954894
0.206074
0.0904164
0.0471351
0.00163895
5.76146
4.6584
3.71623
2.72379
2.30238
1.67812
1.37187
0.682096
0.553277
0.359022
0.00107067
6.19419
4.5552
3.6392
2.92789
2.74904
1.53947
1.29476
0.145527
0.108322
0.0347223
0.00204111
5.44667
4.9128
3.62611
2.97398
2.72925
1.66506
1.37135
0.354387
0.123364
0.0649357
0.00103645
5.9719
4.55082
3.30828
2.44435
2.03928
1.49281
1.21267
0.792751
0.375362
0.0747333
0.000741094
5.38489
4.67209
3.56983
2.86335
2.58459
1.62147
0.955712
0.784975
0.206851
0.0573063
0.00169036
10.0409
4.36646
3.82627
3.46971
3.12923
1.99938
1.67873
0.860943
0.514272
0.0614355
0.00149593
6.45917
5.12419
4.10207
3.28002
2.98737
2.13691
1.96181
0.958317
0.687014
0.444597
0.00195384
6.75284
5.11948
2.54262
2.12749
1.85764
1.47823
0.972375
0.902542
0.35131
0.1837
0.00536082
5.32623
4.21366
3.81733
3.0253
2.47556
1.51252
1.19547
0.947629
0.154688
0.0510076
0.00425988
6.36234
4.87235
3.7811
2.91994
2.60531
1.46119
1.13594
0.757131
0.316938
0.0524951
0.00166758
7.40081
6.31235
4.71831
3.84508
3.33358
2.23246
2.03579
0.924696
0.516423
0.179366
0.00442605
6.55049
5.18201
3.72946
2.90661
2.8192
1.62075
1.25367
1.01993
0.647972
0.1788
0.000808003
6.63943
4.44157
3.35592
3.00407
2.66466
1.0998
0.566822
0.357148
0.144912
0.0160008
0.000133777
6.15524
4.10868
3.53045
2.83689
2.61929
1.27117
0.276697
0.19588
0.0739584
0.004783
0.000699974
5.74673
4.7278
4.21457
2.72588
2.48041
2.09123
1.53564
0.882201
0.727187
0.458806
0.101429
5.63769
4.46219
2.88385
2.21958
2.0738
1.67288
1.20894
0.747168
0.617127
0.335997
0.000359131
6.34459
5.10364
3.97194
2.88862
2.55484
1.76241
1.5077
1.20541
0.647596
0.35908
0.00595128
8.28996
4.5593
3.97575
3.17215
2.74183
1.6505
0.87144
0.404359
0.13823
0.0926995
0.00281811
6.01139
5.05323
2.47635
1.99069
1.38789
1.08674
0.873803
0.731066
0.271212
0.120665
0.000506169
8.07592
4.45429
3.69309
2.92096
2.86787
2.33663
1.67015
1.03451
0.510969
0.171259
0.00212575
6.41321
4.24344
3.47222
2.71721
2.46743
1.0751
0.818428
0.418844
0.326229
0.0212253
0.00204878
4.72978
4.4634
3.84861
3.20293
2.46959
1.4453
0.887703
0.700432
0.305513
0.00515335
0.00103103
8.46068
4.75217
4.21257
2.91234
2.81636
1.87674
1.58007
1.28397
0.810676
0.173527
0.00268652
4.65625
4.39661
3.9254
2.93636
2.61356
1.74906
1.25841
0.784533
0.495478
0.0810343
6.9547e-06
6.61463
5.03638
4.21323
3.7829
2.89172
2.16092
1.93487
0.971124
0.792377
0.288792
0.000839489
8.54551
4.7244
3.82409
3.15766
2.7866
1.55185
0.883551
0.550853
0.365303
0.0198661
0.0106977
5.28279
4.16867
3.74966
2.95677
2.52986
1.91177
1.39945
0.485265
0.275245
0.0715726
0.000517609
6.41457
4.39317
3.41662
2.93608
2.79913
1.56356
1.47355
1.09757
0.678578
0.127882
0.00455028
5.54966
4.27433
3.17159
2.55089
2.16095
1.77948
1.4481
1.16983
0.609476
0.149957
0.00218146
8.00653
4.80605
3.98691
3.12262
2.80622
1.66015
1.2689
0.990515
0.566163
0.204065
0.000404843
6.0107
4.25828
4.17693
3.90186
2.35416
2.24311
2.08084
1.12996
0.643834
0.238707
0.00117283
5.62631
4.87262
4.09156
2.64864
2.39587
1.97545
1.65497
1.38426
0.770025
0.354295
0.00076082
6.19277
5.26454
3.85937
2.93775
2.61543
1.70814
0.950299
0.247368
0.0788734
0.0146531
0.000892012
6.75379
5.29299
4.01974
3.01491
2.81197
1.40683
1.13529
0.424529
0.253896
0.0168687
0.000771839
6.47813
4.69468
4.06503
2.70646
2.63222
1.72896
0.993092
0.570859
0.386101
0.141732
0.0141633
6.59393
4.47738
3.44057
2.736
2.43859
2.42067
1.27081
0.694125
0.560185
0.224069
0.0137855
5.66147
4.60547
4.32274
2.55327
2.35808
1.66438
1.22856
0.810785
0.717412
0.0522176
0.00047588
5.7882
5.22432
4.52836
3.84678
2.75566
2.29151
2.21182
1.1184
0.812194
0.373148
0.26123
4.88823
4.54469
3.76683
2.71486
2.58237
1.67646
1.61493
1.22132
1.17842
0.515206
0.0101147
5.86989
5.18245
4.09048
2.89857
2.54466
1.53498
1.15043
0.613265
0.48155
0.0677401
0.000635543
5.58798
5.4315
3.99739
2.63683
2.47881
2.24076
1.42247
1.353
0.486629
0.111311
2.13725e-06
6.30747
4.91345
3.88614
3.14352
2.5815
1.92405
1.66206
0.616214
0.369056
0.0551526
0.000560824
5.78292
4.93059
4.3856
3.80032
2.41397
2.26813
2.03509
1.15839
0.621592
0.404803
0.0025451
5.81816
4.89424
4.0105
2.69218
2.39
1.60236
0.992205
0.692419
0.526236
0.134563
0.000192745
6.4093
4.87811
3.5397
3.38056
3.11442
1.91901
1.73978
0.752537
0.344421
0.132016
0.00494697
6.25561
5.4799
4.08795
2.91396
2.47001
1.68336
1.45913
0.880373
0.415006
0.122949
0.000842792
5.33704
4.57133
4.31652
2.78478
2.65371
0.799334
0.501829
0.337032
0.0553956
0.0277592
0.00481604
6.02464
4.25925
3.76877
3.06877
2.58466
1.84473
1.73153
1.11312
0.840223
0.511884
0.00219335
6.28821
5.40358
4.21699
3.15924
2.62663
1.88383
1.38313
0.952617
0.725167
0.12322
0.000152309
6.88522
5.12296
4.30903
3.30388
2.70401
1.96664
1.73993
0.629489
0.367933
0.235037
0.00399532
7.47591
5.62938
3.73062
3.07302
2.77162
1.77752
1.43256
1.42441
0.561787
0.271497
0.0984954
6.69503
5.4534
4.15466
3.44879
3.17467
2.2678
2.00366
1.0323
0.450227
0.309423
0.00235237
7.09155
5.51179
3.59062
3.12658
2.9513
1.71161
1.23743
0.764663
0.443348
0.228561
0.000225548
6.2847
4.68629
3.71068
3.05834
2.92462
1.58456
1.31311
0.768164
0.51164
0.489071
0.00167917
5.81892
4.33861
2.76694
2.17482
1.929
1.11427
0.826559
0.269482
0.111876
0.0149734
6.96147e-05
6.19163
4.89164
4.05729
2.47562
2.22652
1.9197
1.27711
0.941744
0.523093
0.0441829
0.000987623
6.90163
4.96016
3.82846
3.02557
2.75864
1.59689
1.33364
0.975905
0.712266
0.483743
0.000768017
5.20714
4.16148
3.31599
2.60493
2.19089
1.86698
1.59724
0.796474
0.715963
0.0875478
0.000363562
5.52623
4.41032
3.69578
2.95235
2.65018
2.11371
1.88209
1.53354
0.678873
0.370835
0.000566352
6.34237
5.35961
3.29246
2.40493
2.2054
1.75563
1.5839
0.632563
0.283895
0.0150084
0.00230982
5.78688
4.90394
3.63193
2.82972
2.42777
2.25453
2.03143
0.998604
0.143609
0.0617884
0.000755926
6.1977
4.77618
2.98706
2.34085
2.02207
1.43363
0.985486
0.798472
0.576178
0.112221
0.000913679
5.34151
4.14543
3.85269
3.03211
2.74192
1.9885
1.69456
1.48539
1.21539
0.361777
7.89334e-05
5.99898
4.78862
3.66458
2.88978
2.75471
1.42221
1.08034
0.95823
0.372801
0.045997
0.00343049
7.12888
4.66156
2.93875
2.64145
2.53335
0.920543
0.60745
0.459387
0.224912
0.146862
0.00488245
6.206
4.9685
3.97491
2.89937
2.70994
1.40709
1.33916
0.614891
0.220507
0.0624504
0.000585992
5.8361
4.41559
2.52307
1.93501
1.59353
1.481
1.33485
1.03798
0.380959
0.0785498
0.000359623
5.77299
4.76631
3.90872
3.64326
3.18121
1.96327
1.75458
0.921098
0.79981
0.0457296
0.00631282
6.26121
4.529
2.63235
2.08849
1.93857
0.802126
0.6319
0.407286
0.147162
0.0533522
0.00266498
7.44716
4.75676
4.06491
3.0972
2.7079
1.58401
1.21284
0.982769
0.554538
0.174715
0.00192691
6.26363
5.16069
4.16298
3.61888
3.13117
1.93905
1.85749
0.872626
0.342186
0.220541
0.000889019
6.71869
5.30202
3.73534
3.04378
2.70521
1.59565
1.12113
0.762861
0.420771
0.0508111
0.00188362
7.98752
4.81423
3.37726
2.57788
2.3939
1.79537
1.54641
1.03931
0.728017
0.114504
0.000938353
6.75732
4.46376
3.8156
2.84817
2.64715
1.17375
0.781638
0.616102
0.149968
0.0600434
0.000974971
5.81109
4.29843
3.45257
2.88346
2.22236
2.12488
1.78753
1.51706
1.12055
0.644168
0.00207797
5.2374
4.31305
3.0691
2.38447
2.17765
1.45019
0.766998
0.647341
0.244421
0.000595632
0.000427717
5.23505
4.43011
3.65089
2.71134
2.50869
1.57348
1.30613
0.0218312
0.0128631
0.00125422
0.000590421
5.77018
4.66559
4.07504
3.33161
2.99359
2.37579
2.14481
1.28784
0.952873
0.233132
0.000935812
6.56437
5.55899
4.35443
3.6794
2.70841
2.58922
2.42935
0.920309
0.531242
0.0830153
1.36008e-05
6.40865
5.40816
4.20989
3.15732
2.87511
1.74634
1.67911
0.870467
0.294062
0.212663
0.00132146
4.77861
3.92013
3.50674
2.78692
2.37281
1.80602
1.24
0.0283536
0.0172844
0.00633997
0.00150351
6.31287
5.48691
4.26955
3.04459
2.75293
1.88053
1.74942
1.65911
0.553383
0.0290675
0.000711441
5.76045
4.65083
4.03538
2.97173
2.58257
1.57502
0.534261
0.319698
0.165704
0.141497
0.0390237
7.1809
4.58934
4.04604
3.13714
3.03295
2.01005
1.8432
0.95818
0.609422
0.236413
0.00235046
5.44658
4.90338
3.57171
2.8379
2.51987
0.942972
0.895136
0.37932
0.0604332
0.0197734
0.00185118
4.95144
4.1646
4.00782
2.71859
2.67489
2.21298
1.76181
1.5023
0.773868
0.517951
0.106806
5.96947
4.77346
4.3112
2.67785
2.47977
1.66782
0.925659
0.494432
0.391843
0.034697
0.016461
5.3641
4.64922
4.50591
3.20469
2.73711
2.17
1.72691
0.711325
0.616066
0.0919763
8.4434e-05
5.76824
4.51146
3.60228
2.7468
2.45274
1.32072
0.65398
0.453653
0.218213
0.140322
0.0143626
5.44383
4.60007
3.85533
3.43378
2.72587
2.28282
2.13813
0.469795
0.336132
0.020606
0.000490304
6.45997
5.20154
4.04446
3.105
2.90557
1.98941
1.8636
1.0095
0.612144
0.125083
0.000878497
7.26468
5.41273
3.91761
3.3375
3.2875
2.25437
2.0373
0.831484
0.169459
5.60519e-45
4.2039e-45
6.18352
4.69292
3.78144
3.0814
2.63043
1.88088
1.79951
0.925938
0.809389
0.453844
0.00103235
5.55101
4.51906
3.25738
2.32509
2.18323
0.636662
0.477989
0.382402
0.219333
0.0295525
0.000989288
5.52827
4.04719
3.66323
2.92533
2.61911
1.80769
1.55886
0.726602
0.610111
0.220849
0.000717122
5.04665
4.19429
3.70912
2.62541
2.33952
1.8132
1.69031
0.678901
0.316117
0.00669444
2.96539e-05
6.51516
5.24429
3.45719
3.0859
2.78535
1.81117
1.37599
0.65186
0.415292
0.225574
7.27932e-05
7.5966
4.65499
3.33645
2.72638
2.44088
1.71202
0.626689
0.354213
0.232762
0.0404595
0.00382554
5.3192
4.93877
3.88965
2.89644
2.68206
1.88828
1.62062
1.49382
0.872029
0.113701
0.00304154
5.44284
4.04731
3.99839
2.80538
2.40752
1.75332
1.55582
1.25966
0.880297
0.365508
0.00154777
4.92877
4.64644
2.91383
2.30003
1.80319
0.592715
0.156122
0.0313632
0.016385
0.00221293
0.000111457
5.38559
4.02203
3.5581
2.77624
2.52707
2.18971
1.99126
1.45611
0.876575
0.214237
0.00324392
5.83313
5.42216
3.86204
3.01363
2.55129
1.52864
1.03052
0.63756
0.280393
0.0158793
0.000695994
5.99341
4.82458
3.76042
3.19406
3.10417
2.46549
2.2305
1.65479
0.837582
0.0588245
0.0308691
7.58334
5.96707
3.75283
3.10949
2.6212
2.14527
1.82937
1.2905
0.723268
0.321273
0.00220314
6.31731
5.22776
4.78117
3.16762
2.70187
2.25802
1.73836
1.16032
0.787352
0.288029
0.000836599
5.70905
3.97991
3.75788
2.68337
2.44234
1.76197
1.17823
0.991616
0.750074
0.266773
0.0252817
4.68786
4.3409
3.48776
2.73103
2.31772
1.79909
1.5168
0.41636
0.341697
0.0187253
0.000288311
7.04328
5.20133
3.87726
2.87996
2.54054
1.5533
0.498578
0.369096
0.169567
0.00984004
0.00100946
6.87395
4.68735
3.53793
3.01094
2.66133
1.73606
1.20632
0.515073
0.311213
0.0142
0.00273843
8.93172
4.91779
4.46616
3.19481
2.78275
1.73406
0.862966
0.750597
0.342338
0.0486814
0.000602105
4.81262
4.25965
3.4816
2.91498
2.57452
1.95493
1.43721
1.03358
0.57094
0.514576
0.00243093
4.98054
4.13878
3.73765
2.94462
2.58872
1.99887
1.59758
1.17383
1.08201
0.564033
0.00184009
5.23817
4.51148
3.9856
3.40757
2.90263
2.447
2.38517
1.36709
1.10199
0.238977
0.00292179
5.52274
4.4146
2.66895
2.13884
1.86817
1.53689
1.11375
0.615596
0.223665
0.0784746
0.00312609
5.73263
4.90895
3.65842
2.88088
2.74723
1.30887
1.13351
0.679148
0.358844
0.0398848
0.00137704
7.25468
4.85676
3.88864
2.93875
2.73384
1.46008
1.34821
0.665748
0.424399
0.307071
0.00232531
6.06325
4.60032
2.48356
2.1543
1.38417
1.33146
1.0485
0.389957
0.224947
0.0887871
0.000497015
6.59175
5.69021
3.92126
3.36693
2.87601
2.28015
2.0106
1.27117
0.668414
0.390182
0.000358812
7.59356
4.92094
3.85808
3.09417
2.76428
2.49891
1.58037
1.37832
0.933025
0.230359
0.000149179
7.06308
4.57548
3.59007
2.8161
2.51041
1.68223
1.10362
0.512895
0.15333
0.0275085
0.000536432
6.84409
5.06119
3.63444
3.20417
2.68797
1.8191
1.04309
1.01971
0.263025
0.0421436
0.00221423
9.87793
6.30866
4.26521
3.70469
2.73125
1.75478
0.877359
0.740247
0.404248
0.0210478
0.000222964
8.12605
4.86927
3.89311
2.91064
2.65579
1.45238
0.836852
0.215021
0.162221
0.0742166
0.00084569
6.21607
5.18102
4.15799
3.26952
3.12678
1.74724
1.64494
0.975509
0.297621
0.190885
0.00345161
5.92267
4.50643
3.77299
3.01187
2.87339
1.81835
1.51088
0.455158
0.252507
0.0212499
0.000442052
8.49684
4.63554
3.62354
2.85778
2.74611
1.2602
1.09931
0.486179
0.297372
0.168226
0.00258848
5.0258
4.20604
3.57033
2.74261
2.39583
1.60969
1.38851
0.433828
0.232657
0.035079
0.000479437
5.08785
4.7867
3.75275
3.11532
2.6688
1.74664
1.55858
1.04525
0.679103
0.538899
0.022941
5.82719
4.78825
3.69026
2.85407
2.52681
1.81782
1.38895
1.13302
0.637475
0.1921
0.00227985
6.20825
5.31316
2.46644
1.90566
1.27393
0.965739
0.873222
0.692999
0.422754
0.0496212
0.000151177
6.88421
5.35994
3.49092
3.01509
2.71126
1.91582
1.48044
0.865005
0.711925
0.0257761
0.00128474
7.57958
5.38398
3.70422
3.21769
3.07842
1.68846
1.61183
1.18886
1.0561
0.234028
1.87662e-06
5.9364
4.65765
4.03759
3.16969
2.6249
2.10532
1.97867
1.62751
1.26437
0.568587
0.00119711
5.62874
4.33623
2.83434
2.41366
1.85105
0.913103
0.803655
0.548714
0.108527
0.0362063
0.00149819
7.84521
5.57569
3.9601
3.2054
2.7836
1.6195
0.936554
0.499052
0.341386
0.114157
0.00240115
5.46292
4.22116
3.11095
2.34761
2.10007
1.67244
1.28208
0.600848
0.480454
5.60519e-45
1.4013e-45
8.00074
5.60369
3.82434
2.96169
2.83737
1.77288
1.43304
1.08051
0.332672
0.288192
0.00135004
8.94808
5.52332
4.77596
2.9599
2.64105
1.79165
1.57684
0.230986
0.0920917
0.0396322
0.000786719
5.18715
4.36699
3.35069
2.48632
2.04184
1.75182
1.42724
0.6419
0.573242
0.372604
0.00114465
7.01734
4.96128
4.15278
3.18797
2.68411
1.84821
1.38229
0.925605
0.554562
0.0591704
0.00310092
6.37659
4.83421
3.70548
2.94203
2.66385
1.89119
1.39176
0.668314
0.554155
0.0407147
0.00226721
5.76786
4.96824
3.84521
2.44078
2.27983
1.55011
0.867021
0.756594
0.260112
0.172877
0.000109493
5.55651
4.34452
3.90176
3.04993
2.52153
1.1952
0.156313
0.10925
0.0881517
0.000417817
0.000247158
5.18505
4.50185
3.79131
3.01855
2.68846
1.74178
1.52584
0.818699
0.459689
0.0456459
0.00303404
5.10491
4.70176
3.68435
2.79523
2.41216
1.45505
1.04339
0.530577
0.372276
0.200106
0.00228477
6.26972
4.33999
3.86679
2.76479
2.54704
1.69889
1.21861
0.340879
0.284192
0.0117445
0.000557317
7.46845
5.82698
4.87971
2.69742
2.55095
1.72652
1.08478
0.786412
0.70316
0.453566
0.100432
6.14347
4.63923
4.1085
2.90512
2.55367
2.01893
1.37648
1.00859
0.664863
0.330197
0.00165679
5.40441
5.08392
2.4645
1.7467
1.12817
0.894921
0.373484
0.248139
0.135834
0.0279738
0.000539338
6.6449
5.17184
3.41807
3.29429
2.8608
1.96577
1.67686
1.08848
0.571621
0.235692
0.000834597
5.66224
4.86819
3.62974
2.54705
2.32191
1.90333
1.33786
1.19536
0.847126
0.0889531
0.00407661
9.71482
5.18001
4.10665
3.21789
2.90672
1.62973
1.43746
0.424664
0.243231
8.40779e-45
4.2039e-45
4.70963
4.26139
3.73634
3.13876
2.68825
2.03974
1.69419
0.802787
0.678073
0.523457
7.15245e-05
6.30959
5.04012
3.9489
3.00249
2.76926
1.71454
1.46927
0.719539
0.1612
0.145682
0.000633702
6.83959
4.84711
4.07526
3.57808
2.9157
2.06988
1.82463
0.77539
0.520879
0.318633
0.00019871
4.91785
4.13671
3.03344
2.29153
2.07406
1.19869
0.82603
0.0631044
0.0370762
0.0263625
0.000396647
5.17312
4.12171
3.32984
2.67839
2.35811
1.8247
1.37725
0.43556
0.0798474
0.0256504
0.00216483
7.30882
5.08592
3.59601
3.07759
2.87648
1.55416
1.05202
0.893589
0.414578
0.0546588
0.000762253
5.67769
5.24103
3.69249
3.15302
2.76675
2.35806
1.89387
0.432276
0.192317
0.176622
0.00133753
6.82493
4.96484
2.82353
2.22875
2.12244
1.66825
1.40755
0.95145
0.54217
0.176572
0.00182495
6.34042
4.9724
4.20733
2.66101
2.52085
1.73478
1.18621
0.784871
0.45033
0.20079
0.00131423
5.64784
4.61048
3.67091
3.21014
2.65877
1.93017
1.34803
1.09796
0.852538
0.195259
0.00133917
6.48171
5.3794
4.10672
3.26133
2.85174
2.08695
1.83009
1.18229
0.668244
0.20551
0.00118918
6.93937
4.01252
3.62209
3.09035
2.54905
1.53983
1.41234
0.961646
0.488045
0.0968144
0.00309687
6.01703
5.01413
3.89266
2.79563
2.52903
1.43266
1.2801
0.867154
0.500124
0.104638
0.00217768
5.72241
3.75037
3.49383
2.9219
2.5546
2.20352
1.96398
0.546239
0.383985
0.141698
0.00584342
5.26257
4.76539
3.29949
2.9284
2.63574
1.68663
1.09202
0.898566
0.679602
0.0466861
0.000103319
6.70062
4.96924
2.47682
2.16861
1.39772
0.869022
0.637522
0.577942
0.189511
0.0327597
0.00360297
5.72621
5.21369
3.83048
3.44958
3.10045
1.89754
1.50959
1.13101
0.608909
0.46678
0.0524271
5.50339
4.38676
3.53568
2.53106
2.44018
2.00846
1.4182
0.854133
0.726979
0.245595
0.0113322
6.33505
5.0139
4.47626
2.94759
2.86032
2.00725
1.88493
1.42564
0.941719
0.301049
0.000312965
6.467
4.75347
2.71193
2.45037
2.01262
1.73767
1.52245
0.960544
0.580891
0.199107
0.000277973
5.63633
4.69694
2.71103
2.18342
1.87841
1.71973
1.53256
1.2114
1.17738
0.517899
0.0115564
7.23213
5.61361
3.8257
3.12214
2.82931
1.66423
0.724724
0.550451
0.256706
0.0491116
0.00331265
5.8083
4.32284
3.4864
2.88283
2.53037
2.1408
1.64982
0.416088
0.234288
0.113743
0.0166052
5.77901
4.68177
3.78401
3.2305
2.75162
1.85947
1.57222
0.25625
0.201169
0.0514447
0.000522777
5.75196
4.56594
2.99625
2.30378
1.97969
1.30552
1.15316
0.841027
0.617645
0.105988
0.00179357
6.75268
5.77613
4.04807
3.25157
2.84605
2.33434
2.0292
0.860187
0.521652
0.00555307
0.00249561
6.51416
5.48409
3.9608
2.93456
2.68995
1.42731
1.38985
0.78314
0.50972
0.107182
0.000330792
5.06235
4.17459
3.62908
2.8898
2.4295
1.8727
1.35086
0.673676
0.39049
0.227837
0.00316635
8.26155
4.60812
3.57051
3.0619
2.71273
1.77462
1.09548
0.873982
0.356723
0.0293353
0.000150134
6.15234
4.87292
3.90661
2.65192
2.47386
1.41346
1.15753
0.729942
0.430228
0.136133
9.78068e-05
8.63827
5.30826
4.08378
3.7316
3.32622
2.19562
2.06252
1.13793
0.45127
0.116889
8.70283e-05
5.1593
4.44086
3.97053
3.74719
2.45983
2.27329
2.17541
1.44456
1.10468
0.157326
0.00160343
6.45637
4.23578
3.91112
3.08594
2.83034
1.83658
1.37127
1.18736
0.937115
0.177532
0.000453592
6.38661
5.24947
3.6278
3.13729
2.78915
1.34303
1.02671
0.53657
0.343575
0.257667
0.00439535
5.8069
5.07493
3.78402
3.45136
2.88032
1.96802
1.71538
1.14036
0.315618
0.070211
0.00129469
6.12289
5.08111
3.94587
2.89094
2.76334
1.31895
0.89498
0.844153
0.708835
0.133162
0.000670189
6.3551
4.44562
3.60372
2.8075
2.57368
1.2065
0.76162
0.298471
0.210539
0.0252153
0.00307692
5.91202
4.542
3.60084
2.71687
2.35385
1.45236
1.18867
1.03011
0.498918
0.160936
0.00320942
8.24764
4.43034
3.8129
3.29666
3.09486
2.12056
1.44729
0.618033
0.442157
0.15661
0.000324123
8.22232
4.50888
3.93848
3.21645
3.00037
2.17879
1.79234
1.04839
0.495612
0.34827
0.00158942
9.30649
4.79979
4.03814
3.24768
2.83414
1.37567
1.0497
0.607384
0.542123
0.218057
0.00282302
5.98933
4.77864
2.45971
2.17315
1.28427
1.24609
1.03834
0.847534
0.449499
0.0424843
0.00664298
5.21922
3.67357
3.57728
3.51849
3.02468
2.40788
2.08292
1.62536
1.04142
0.00849206
0.000436977
5.80326
4.49636
2.62856
1.90076
1.59349
1.42259
0.967354
0.540353
0.413962
0.343142
0.00258443
5.18413
4.32506
3.03654
2.31598
2.10278
1.27077
1.03081
0.467231
0.280251
0.0973993
0.00583114
7.00737
5.19853
2.61439
2.43951
2.03729
1.73222
1.21557
0.41106
0.0494712
8.40779e-45
2.8026e-45
7.64827
5.04938
3.28952
2.40155
2.30569
1.80416
1.54529
0.719385
0.557385
0.27377
0.00205296
6.91291
5.35316
3.56377
2.90777
2.70816
1.51345
1.05247
0.886685
0.294123
0.00359222
0.00136951
6.47773
5.34668
4.1988
2.84155
2.70482
1.92761
1.31701
1.03402
0.407867
0.299929
0.00378883
6.54684
5.2461
3.78501
3.06492
2.62975
1.19389
0.434785
0.110309
0.0595814
0.0241507
0.000253383
7.97146
5.16962
3.77364
3.36935
2.68161
1.14306
0.853098
0.42831
0.365453
0.0245913
0.0021104
5.83464
4.36942
3.7041
2.90051
2.69397
2.056
1.77334
1.66779
1.02096
0.0344435
0.000896094
6.20613
4.03323
3.52508
3.14204
2.50017
1.66159
1.06319
0.555459
0.305787
0.0323276
0.0068589
5.07079
4.55227
3.27709
2.47639
2.26565
1.88804
1.42167
0.81951
0.237113
0.0141962
0.00210993
6.46579
5.73895
3.83666
2.8209
2.44692
2.05527
1.71141
1.07529
0.657906
0.40356
0.00166967
5.91796
5.4007
4.0277
2.82846
2.61632
1.72442
1.18278
0.954348
0.293935
0.0851356
0.000193462
6.05971
4.97791
3.86504
3.40779
2.95358
1.95579
1.81595
0.965288
0.580541
0.284889
0.000162583
5.09832
4.41958
3.59972
2.6731
2.46162
0.747369
0.462068
0.113688
0.0412495
0.0358729
0.0025544
7.17498
5.63725
3.65095
3.08982
2.99954
1.97286
1.58572
1.07176
0.561151
0.214208
0.00169795
5.8869
4.92423
3.7618
3.19329
2.95281
1.72444
1.67267
0.793572
0.462523
0.178017
0.00153191
5.8948
4.11568
3.44046
2.74809
2.36291
1.59052
1.33311
1.01212
0.787283
0.692514
0.00180568
5.98435
4.29974
3.31045
2.77445
2.57817
1.78464
0.544584
0.328497
0.24972
0.215594
0.00111243
5.55609
4.71665
2.86974
2.59578
2.05713
1.61174
1.34618
1.02094
0.614682
0.537139
0.000630974
5.25699
4.70509
3.66784
2.53864
2.19151
1.82671
1.3942
1.24142
0.841391
0.407735
0.00153813
6.3288
4.23893
3.56469
3.32241
3.04756
1.90973
1.89817
0.942461
0.472836
0.0858979
0.0014456
6.32852
4.41221
3.27384
2.53233
2.36289
1.34437
0.997205
0.652719
0.545961
0.0399697
0.00115785
9.80306
4.33776
3.80454
3.34073
3.00495
1.93356
1.53374
0.84988
0.619766
0.0965387
0.000706101
5.76416
4.67288
4.19842
3.40007
2.78172
1.76619
1.62152
0.64704
0.438263
0.366531
0.000468683
8.07029
4.27572
3.80474
3.20876
2.66799
1.9468
1.46502
0.973855
0.59617
0.362538
0.00282044
9.936
4.37187
3.73364
3.36817
2.78089
0.72358
0.359654
0.115998
0.0740338
0.0107149
0.00187573
5.55633
5.16223
3.47143
2.84813
2.74271
1.23937
0.975469
0.325477
0.235885
0.071959
0.000700091
5.8527
5.28783
4.08836
2.99281
2.65453
2.06879
1.67959
1.538
0.956911
0.454002
0.000827171
6.64611
4.55907
3.39796
2.47897
2.32214
0.898564
0.650865
0.231031
0.102056
0.0347137
0.000780213
6.04856
5.2842
3.98976
3.14583
2.92787
1.90748
1.77577
1.47322
1.11235
0.164913
0.00350762
6.24604
4.71855
2.4551
1.72675
1.05305
0.781079
0.694053
0.484861
0.0454082
0.0382401
0.00213447
7.22412
4.27633
3.78282
2.95919
2.68969
1.99554
1.45611
0.865363
0.458961
0.175453
0.0009226
5.56624
4.36694
3.06684
2.63501
2.08781
1.96909
1.67406
1.25804
0.488763
0.304934
0.00056217
6.15283
4.62155
3.50261
3.15452
2.54161
2.32153
1.57554
0.611377
0.288415
0.00417604
9.51741e-05
6.142
4.62848
3.46357
2.39377
2.0787
1.71286
1.12514
0.980876
0.686395
0.0958792
0.000871917
5.6202
4.73029
4.13655
3.38207
2.58644
2.06918
1.89067
1.2208
0.786034
0.166619
0.00156285
5.9167
4.21572
3.48305
3.02194
2.69032
2.40453
2.22966
1.68696
1.15829
0.268393
0.0013715
9.14127
5.92549
3.99885
3.41858
2.86226
1.61393
1.41642
1.16848
0.669544
0.507727
0.000355991
6.59799
5.03819
3.85863
3.44268
3.26022
2.26669
2.0812
1.73176
0.970764
0.0611344
0.00120573
5.75738
4.62416
2.45392
1.31282
0.827962
0.750018
0.596936
0.330105
0.0781978
0.0182568
0.000651758
6.38783
5.94014
4.38707
3.28179
3.04284
2.35997
2.12274
1.11192
0.513691
0.0679867
6.36513e-05
5.35465
4.88476
4.17735
2.55372
2.37852
1.67135
0.708845
0.57037
0.473419
0.339769
0.000975821
5.57107
5.21805
4.05314
2.76292
2.52022
1.60022
1.37075
0.672616
0.56185
0.161061
9.73301e-05
6.2346
4.91773
3.74556
3.22806
2.73905
1.94388
1.38859
0.951165
0.427985
0.203277
0.0167656
5.58856
4.42808
3.66532
2.84133
2.62358
1.59219
1.21133
0.61741
0.366509
0.0282015
0.000887527
5.85307
4.98124
3.80174
3.16841
2.79208
1.75928
1.66541
1.28951
1.16131
0.422232
0.000787069
6.75436
4.77436
4.51917
3.66587
2.92022
2.33044
2.17778
1.34362
0.638807
0.24994
0.000995617
5.5779
4.65136
3.8546
2.88575
2.7134
1.66862
1.23996
0.750593
0.442845
0.0403413
0.000196027
5.63308
4.84256
3.71966
3.09004
2.50048
2.18738
1.8393
0.605661
0.158671
0.0280582
0.00120219
5.83772
5.30445
3.72174
2.84037
2.58182
1.50358
1.04519
0.931683
0.570363
0.0100198
0.00230984
5.76458
5.56434
3.90957
2.72341
2.52359
1.46761
1.06484
0.84192
0.592828
0.048918
0.00099035
5.35614
4.33635
2.92597
2.26738
2.09907
1.67058
1.18508
0.682166
0.375541
0.059417
0.00217586
8.12486
5.87753
3.96197
3.05429
2.83999
2.15409
1.73802
1.38346
0.656535
7.00649e-45
2.8026e-45
5.26182
4.89983
3.95929
2.92746
2.6487
1.6926
1.00981
0.780512
0.319976
0.0923526
0.00136625
5.16751
4.23392
2.83125
2.37038
1.9857
1.74973
1.60942
1.34502
1.21891
0.599033
0.000816404
5.85747
5.20526
3.82888
3.17912
2.82745
2.50917
2.23099
1.5652
1.07395
0.764134
0.00188531
5.69793
5.06866
3.71689
2.90108
2.46563
1.85798
1.55825
1.20434
1.0067
0.176366
0.000591833
6.17876
4.48035
3.85683
3.2371
2.61203
2.17619
1.97822
1.31817
0.681009
8.40779e-45
2.8026e-45
7.27806
5.77937
3.66174
2.88579
2.53212
1.50721
1.27929
1.10304
0.843719
0.144821
0.00195045
6.56924
4.91549
2.51291
2.17117
1.50012
0.556329
0.301848
0.260969
0.18301
0.111781
0.0115798
7.47913
3.99844
3.66765
3.22499
2.67619
1.53291
1.15638
0.559204
0.43081
0.218701
0.000320014
6.03463
4.73984
2.59301
2.03897
1.97771
1.45781
1.36417
0.87284
0.679879
0.128472
0.00148115
4.76044
4.45453
3.75235
2.68558
2.47757
1.53589
0.975564
0.233563
0.0396431
0.00941364
0.00145954
8.30012
5.26896
4.0274
3.53264
2.79655
1.75828
1.11303
0.715118
0.493755
0.121062
0.000628687
7.60528
6.22233
4.05313
2.87645
2.36894
1.8673
1.54937
0.931111
0.155059
0.035341
0.000483059
6.43332
4.67423
2.97527
2.30452
2.10945
1.5535
0.737918
0.539764
0.339873
0.168342
0.00356528
5.5153
4.31429
3.81879
2.9344
2.61963
1.44057
0.793286
0.538709
0.325199
0.134162
0.00348927
5.46821
4.36119
3.69188
2.65642
2.37456
1.88127
1.42623
1.19937
0.911041
0.365495
0.0672082
7.63273
5.19595
4.02116
3.75018
3.10108
2.14673
1.79296
0.973171
0.2975
0.230341
0.0025735
4.97096
4.26682
3.68542
2.76871
2.46447
0.371498
0.244515
0.0531611
0.0309817
8.40779e-45
2.8026e-45
6.02402
5.20495
3.64098
2.93051
2.78888
1.67892
1.46444
1.0901
0.693018
0.529909
0.000725702
5.69079
4.29927
3.6791
3.13432
2.69023
1.84211
1.67951
0.815161
0.570214
0.252249
0.000416961
8.76399
5.89882
4.1766
3.51387
2.93605
2.06952
1.76967
1.00732
0.517755
0.0701352
0.000384376
6.63897
4.85683
3.38687
2.40336
2.1116
1.30675
0.470356
0.280851
0.106815
0.0334761
0.00262103
8.50642
5.75093
3.9602
3.73331
3.49525
2.28247
1.90087
1.28241
0.84391
0.373401
0.00286645
6.0949
4.32156
3.61779
3.27869
3.01371
2.40749
2.13013
0.721055
0.411633
0.037532
0.00508901
5.20613
4.79063
3.51222
2.81575
2.52075
0.938249
0.764831
0.187935
0.11035
0.029687
0.00181333
8.01477
5.85109
3.94096
3.06905
2.71039
1.4961
1.28122
0.714499
0.387373
0.193155
0.000198348
6.24929
4.35833
3.54355
3.09629
2.84232
1.01619
0.890929
0.362539
0.240931
0.0392922
0.00242242
6.22924
5.01578
4.06182
2.97991
2.73423
1.76287
1.49525
1.21632
0.578329
0.126467
0.00051041
5.64168
4.97322
3.67945
2.92169
2.55776
1.75999
1.25654
1.05107
0.13812
0.11718
0.00407291
6.42594
5.32299
4.07907
3.0838
2.7147
1.89489
1.84072
0.950296
0.801215
0.214001
0.000350708
6.23639
4.63792
3.24473
2.41262
2.10747
1.86295
1.70255
0.758043
0.21121
0.0905925
0.00546867
5.29412
4.71114
3.71641
2.87019
2.58694
1.60051
1.00762
0.722086
0.496322
0.246408
0.000738072
7.08583
4.41766
3.43011
2.81517
2.47794
1.80463
1.09197
0.875315
0.330194
7.00649e-45
4.2039e-45
5.61558
4.81448
3.76733
2.49528
2.35003
1.40896
1.03776
0.840342
0.694571
0.47817
0.000710718
10.0403
6.09845
4.13832
3.49464
2.77877
1.81934
1.29191
0.444978
0.312586
0.01197
0.00240898
8.49922
4.20897
3.95186
3.29944
2.72695
1.5996
1.13267
0.678272
0.323928
0.024321
0.00340212
6.10228
5.10621
3.46696
3.1273
2.9547
1.83913
1.43768
1.01333
0.678228
0.286923
0.0014568
5.75051
5.16037
4.17513
2.62584
2.48717
1.84805
1.33884
0.524742
0.353466
0.0696535
0.00956628
6.42869
4.62275
4.15891
3.29424
3.11869
2.17996
2.04561
1.33971
0.901469
0.516713
0.00324701
5.67738
4.83379
3.86498
3.25031
2.91704
1.90031
1.30176
0.618573
0.326325
0.0216467
0.000390842
5.74179
4.97281
3.86833
3.00638
2.72849
1.86925
1.38412
0.773405
0.502294
0.322122
0.040753
6.07374
4.70416
2.73093
2.13195
1.86317
1.58967
1.22181
0.921964
0.718854
0.485192
0.000168756
6.61714
4.44104
3.34926
2.50658
2.4503
1.61012
1.45886
0.691764
0.360614
0.246034
0.0455837
5.51324
5.04328
4.28874
3.55378
2.7132
2.09707
1.90214
0.963695
0.531572
0.130339
0.00109533
6.94582
5.83627
4.07175
2.82033
2.53087
1.8293
1.05031
0.378903
0.0409926
0.0170346
0.000898976
6.38572
5.20526
3.77476
3.36
2.84512
1.88737
1.44389
1.24462
0.576613
0.188289
0.0443126
6.54518
4.36087
3.55992
2.90778
2.82457
2.24735
1.79072
1.3019
0.245683
0.104821
0.00171186
6.29964
5.3881
4.50959
2.97805
2.71985
1.91221
1.30372
0.999313
0.402499
0.196036
0.0325094
6.24928
4.8076
4.0903
3.06457
2.56995
1.54606
0.709945
0.0557157
0.0379199
0.00388492
0.00229238
5.53283
4.68647
2.48252
1.78353
1.30587
0.82798
0.66207
0.479621
0.214767
0.136824
0.00011815
5.54888
5.09838
4.02411
2.85719
2.69843
2.24158
1.91897
0.745854
0.455534
0.00832677
0.00662084
5.98243
5.19363
3.14137
2.36484
1.99242
1.72129
1.36396
1.05006
0.863455
0.0896556
0.0141252
5.46967
5.08648
3.57142
2.82409
2.60311
0.817588
0.469571
0.10854
0.0816277
0.00588426
0.0011158
5.31386
4.40674
3.58486
3.39102
3.12685
2.65127
2.23453
1.54936
1.27452
0.29374
0.0748098
5.47714
4.55653
3.98037
2.51549
2.44296
1.12362
0.783305
0.570282
0.445732
0.275762
0.00415756
6.26132
4.88652
3.42908
2.36229
2.1757
1.69078
1.16765
0.951895
0.428995
0.35889
0.000443713
6.0949
4.99246
2.57023
1.96777
1.90308
1.52205
1.24971
1.03403
0.374474
0.0669792
0.00295045
5.23709
4.40658
3.55817
2.81102
2.53677
1.43899
1.07124
0.828365
0.655348
0.0052816
7.29824e-05
7.02637
5.3595
3.74088
3.35241
2.84972
1.6136
1.08579
0.78079
0.415549
0.0852627
0.00315982
5.39109
4.11919
3.47087
2.56113
2.26362
1.38583
1.1301
0.925441
0.623812
0.550679
0.00339032
10.0293
4.86632
4.07396
3.22366
2.81897
1.39968
1.13707
0.826177
0.335306
0.0262013
0.0107876
5.69884
5.22854
4.04063
2.58699
2.28707
1.92474
1.23083
0.964743
0.59555
0.0778975
0.00157873
6.12195
5.41944
3.96189
2.79431
2.43467
1.87835
0.933894
0.765642
0.435221
0.105868
0.000656358
5.33362
4.95277
4.2772
3.24548
3.04189
2.31902
2.17154
0.847194
0.54441
0.118926
0.0035412
5.89981
4.01986
3.87054
3.00931
2.51976
1.7558
1.63588
1.04084
0.767908
0.392712
0.000573713
5.61667
4.71274
3.7692
2.44845
2.03991
1.40619
1.12366
0.996742
0.472948
0.349203
0.00228981
6.58911
5.15291
4.43257
2.92911
2.57343
1.54012
1.32199
0.906209
0.536367
0.0185141
0.00324233
5.88309
4.31393
3.42574
2.79488
2.44076
1.15984
1.08556
0.140361
0.0297676
0.0203342
0.0011239
7.05845
5.28006
4.57184
2.73745
2.53242
2.00203
1.29921
1.00854
0.433918
0.276489
0.0089764
6.30348
4.52536
4.01926
2.56444
2.48158
1.76812
1.46497
1.13677
1.03229
0.0164937
0.00958295
5.38905
5.01923
2.54276
1.81047
1.64553
1.34038
1.09689
0.876205
0.374698
0.0968044
0.00060675
5.18885
4.31708
2.70747
2.10862
1.9088
0.9771
0.589316
0.286959
0.128471
0.00723485
0.000477148
6.86575
4.99987
2.53432
2.08335
1.70038
1.45553
1.20596
1.04782
0.259496
0.152059
0.000307514
7.32415
5.02133
4.1596
3.23137
3.13423
1.9248
1.43585
0.822857
0.523783
0.237057
0.000487119
7.4963
4.63369
3.8519
2.75118
2.7206
1.72724
1.37178
0.725815
0.598276
0.0419359
0.00094002
5.62232
5.24759
4.26575
2.84146
2.57587
1.67913
1.46521
1.09798
0.568042
0.0948524
0.0027743
5.39663
4.07415
3.44223
2.71688
2.46956
1.50017
1.22169
0.423728
0.199518
0.0701435
0.0023767
6.32498
4.83444
4.30387
2.91344
2.55205
1.58642
1.09381
0.710956
0.416285
0.289455
0.00123276
6.27581
4.78993
3.56063
3.01769
2.74112
1.77193
1.35401
0.973794
0.629826
0.129939
0.00183118
6.58027
4.27203
3.99776
2.97252
2.55986
1.65188
1.30239
0.983815
0.669787
0.190089
0.00138691
5.92629
4.62899
4.21262
2.50442
2.4434
1.88651
1.29639
0.573476
0.400369
0.125741
0.0493073
6.59267
4.83649
4.72571
2.56047
2.27021
2.06945
1.32527
0.355082
0.0693825
8.40779e-45
2.8026e-45
9.80452
6.24237
3.87784
3.72543
3.39342
2.2474
2.05787
1.23693
0.590212
0.1402
0.00104136
6.83346
5.06976
2.84652
2.45867
2.18952
1.72161
1.10266
0.821426
0.0463682
0.0173015
0.00306793
8.89463
5.29688
3.68962
2.9752
2.54797
1.13976
0.884675
0.200941
0.118113
0.0608007
0.000433073
4.89602
4.77502
3.58055
2.79083
2.39757
1.54869
1.35427
0.158279
0.113624
0.0365467
5.66581e-05
7.7606
4.83865
3.53161
3.05048
2.76343
1.69148
1.47779
0.8389
0.15989
0.103795
1.98875e-05
6.65112
5.13591
2.64448
2.50399
2.11276
1.73278
1.37823
0.679723
0.25456
0.0695632
0.00116028
5.59296
4.61779
4.18356
2.90418
2.61231
0.9976
0.847211
0.412767
0.261965
0.13121
0.00145285
7.66608
4.83081
4.07834
2.66433
2.26053
1.58749
0.70944
0.43229
0.150514
0.12204
0.00728342
5.73986
4.97823
3.56475
3.14355
2.60959
0.874658
0.191603
0.046052
0.0245741
0.0186361
0.000674245
5.58134
5.31673
3.86057
2.57793
2.4004
0.73354
0.431396
0.0469988
0.0333445
0.00621054
0.00238648
6.03656
4.55903
3.83873
3.61186
3.21504
2.47475
2.18816
1.85828
0.983094
0.0339781
0.00176939
5.82522
5.24477
3.94957
3.00835
2.7029
1.85946
1.68936
1.11123
0.773302
0.117162
0.0021717
5.41066
4.21891
3.88363
2.6641
2.35665
1.72148
1.12999
0.513495
0.308547
0.146154
5.75919e-05
5.96719
5.39811
2.47645
1.8377
1.28609
1.02658
0.843453
0.460932
0.30005
0.08542
0.00121251
8.66615
5.22296
2.71896
2.4151
2.36911
1.32
0.986207
0.590363
0.0964548
0.0635472
0.00472623
5.34819
4.94715
3.50625
2.76632
2.477
1.18488
0.797009
0.119595
0.0726502
0.0473338
0.00161934
8.50981
4.51777
3.94752
3.18664
3.10938
2.11563
1.74788
0.732539
0.340508
0.102342
0.00178899
5.98981
4.86029
3.75917
2.4451
2.09214
1.84524
1.05322
0.800731
0.458789
0.347248
0.00224594
5.72933
3.96014
3.29548
2.55958
2.49262
1.25195
0.601347
0.320423
0.130019
0.0774353
0.000405675
6.46292
6.07489
4.43146
3.63205
2.87991
2.25213
1.97897
1.11623
0.567378
0.13717
0.000937237
6.13909
4.64828
2.51207
1.83027
1.63525
0.828841
0.811725
0.68264
0.4745
0.251382
0.000785585
7.0814
4.6647
4.0511
3.02693
2.62459
2.01234
1.73935
0.884009
0.443562
0.11592
2.37534e-05
5.36717
4.55489
3.55694
2.5153
2.22748
1.8174
1.20883
0.828446
0.547387
0.0161569
0.000319481
5.00481
4.60749
4.12978
3.5674
2.9024
2.49071
1.94134
1.51741
0.989802
8.40779e-45
1.4013e-45
6.54291
5.17743
2.64312
2.11491
1.99233
1.04252
0.546684
0.448081
0.240656
0.168476
0.000419231
5.29054
5.0838
4.06548
3.0632
2.5137
1.53363
1.15982
0.439669
0.371288
0.00627735
9.72548e-05
4.71769
4.28562
3.57837
3.06405
2.62799
1.71587
1.53748
0.829874
0.551896
0.00501725
0.00121329
5.87706
4.77758
3.90278
2.89205
2.60208
1.64564
1.61344
1.02082
0.725185
0.17619
0.00089987
5.93518
5.50623
4.06194
2.8773
2.67416
2.04192
1.94124
0.888488
0.828466
0.142547
0.000778453
6.87361
5.41841
3.8077
3.04153
2.81275
1.77151
1.06852
0.767443
0.540385
0.200363
0.000396536
5.55703
4.21809
2.99935
2.39872
1.92454
1.51001
1.39711
0.915347
0.140398
0.0746338
0.000645691
5.9149
4.44321
3.79501
3.346
2.89049
1.7228
1.44368
0.447246
0.183307
0.00293324
0.000185574
6.19449
4.57523
4.01242
2.95759
2.60318
1.79541
1.52816
1.22471
0.540636
0.1047
0.0045724
6.43404
4.48743
3.06981
2.45929
2.32085
1.36211
0.65571
0.394148
0.156548
0.0169765
0.00143006
6.03821
4.98897
3.99103
3.07406
2.68559
1.67698
1.23641
0.397503
0.269414
0.129727
0.000598885
6.15384
4.85519
4.69551
2.66266
2.54385
1.65881
1.57231
0.632467
0.595862
0.103511
0.000396192
4.95653
4.80552
3.77184
2.651
2.38481
1.51172
0.829492
0.73011
0.214701
0.0416945
0.000921862
6.54547
4.70835
4.22027
3.28332
2.56015
2.08343
1.11306
0.830833
0.262196
0.0800335
0.00246395
7.11224
5.47784
4.40865
4.30372
2.96456
2.30745
2.16073
0.798258
0.444656
0.160771
0.0078051
5.40029
4.28852
3.36292
2.5669
2.1591
2.03021
1.4649
0.567157
0.409165
0.0690914
0.00257192
5.59818
5.44098
4.56496
4.15429
2.43141
2.36593
2.32906
1.14973
0.898172
0.302202
0.00235393
4.97894
4.40656
3.63061
2.48896
2.22263
0.91677
0.586082
0.257044
0.130508
0.0297106
0.000668919
5.45772
4.40474
3.77974
2.59018
2.29535
1.56246
1.34736
0.627931
0.532835
0.178574
0.000132343
4.97691
4.32352
3.82793
2.87793
2.81332
2.12725
1.63111
0.646309
0.476855
0.229088
0.000111312
4.85567
4.2483
3.61435
2.92247
2.54398
1.8027
1.51656
1.07195
0.598577
0.0141755
0.00212013
6.08305
4.03579
3.78092
3.42644
2.92317
1.96476
1.34996
0.386295
0.103184
0.00271634
0.000126707
6.67369
4.64619
3.55717
2.62531
2.35723
1.34772
1.18586
0.386779
0.291064
0.135481
0.00247456
5.12142
4.90378
3.23543
2.34907
2.23907
1.85625
1.06732
0.748762
0.616458
0.33535
0.00223926
7.60975
4.96544
3.7453
3.45335
3.15296
1.74915
1.42127
0.576688
0.438378
0.201817
0.000656368
6.16987
5.45026
5.25413
3.73013
3.02301
2.44941
2.15786
0.924416
0.356175
0.048225
0.00150649
7.54894
5.35403
2.67867
2.37781
2.14734
1.61346
1.26873
0.910776
0.257571
0.192944
0.00174249
8.54631
5.21261
3.96329
3.29549
3.1566
2.26498
1.85169
1.28062
0.166385
0.0218511
0.00226697
5.64719
5.18064
4.14385
3.09013
2.75418
1.77797
1.15454
0.719149
0.43711
0.256348
0.00585203
9.03649
4.2855
3.54855
3.21328
2.79802
1.39743
1.16965
0.667271
0.215313
0.0983029
0.000718376
5.60524
4.86903
3.91139
2.62205
2.37553
1.31712
1.22993
0.382671
0.321669
0.188094
0.000240526
7.66413
4.1204
3.8174
3.37597
2.80585
1.70475
1.33606
0.797145
0.572821
0.173855
0.00251507
8.08455
4.86834
3.34471
2.70567
2.41175
1.383
1.10842
0.859236
0.149027
0.0745809
0.00156426
5.95586
5.46459
4.38792
2.92603
2.76657
1.83159
1.61534
0.82093
0.663752
0.351679
0.00420888
7.51418
6.22613
4.38099
2.84829
2.7547
2.1726
1.81089
0.663258
0.256058
0.00983176
0.000981504
6.07021
4.49364
3.64596
3.26027
2.93985
1.80899
1.60027
1.12491
0.84417
0.135589
0.000838187
5.67182
4.97807
3.55895
2.98068
2.59958
1.76996
1.50744
1.0183
0.591764
0.137277
0.000574493
5.22412
4.73212
3.70466
2.65284
2.38841
1.24708
1.13216
0.790191
0.310535
0.111564
0.00284904
6.33114
5.10452
3.5163
3.29851
2.7617
1.39195
1.03129
0.538057
0.390825
0.196789
0.000408648
5.14171
4.22421
3.63653
2.91316
2.77165
2.39146
1.96479
1.24974
1.17813
0.112352
0.000654982
6.69379
4.63683
4.61033
2.80181
2.56731
2.07759
1.53669
0.135542
0.0648527
1.12104e-44
1.4013e-45
6.58159
5.06822
3.56922
2.93765
2.82399
1.49122
0.766495
0.426966
0.259779
0.0382073
0.000740194
4.97316
4.58171
3.64662
3.08056
2.62848
2.0543
1.28467
0.627461
0.577106
0.020117
0.000154164
6.1501
4.796
4.44228
3.13859
2.4667
2.00796
1.85753
0.749124
0.210233
0.18057
0.000202683
6.58294
4.96109
2.44992
1.82558
1.05032
0.795198
0.442499
0.371796
0.314206
0.0599355
0.00922098
6.17938
4.04085
3.68647
3.00077
2.71266
2.21141
1.97806
1.52825
0.411474
0.00991232
0.000727092
5.66452
4.48419
4.14414
2.91165
2.71398
2.31088
1.95951
1.52228
0.628121
0.438487
0.00307131
5.80376
4.24119
3.83721
3.48681
3.09083
2.21373
2.12956
1.29313
0.596886
0.0768598
0.0299936
5.2497
4.53705
3.54684
3.14841
2.81555
1.81984
1.57734
0.296051
0.18925
0.0254402
0.000745499
5.62938
4.38642
2.92688
2.26689
1.92274
1.59975
1.09034
0.610136
0.546678
0.172201
0.00399785
4.89561
4.41491
3.68842
3.11449
2.56433
1.82391
1.35962
1.08438
0.65014
0.198466
0.00307105
7.81372
4.89673
2.87642
2.6814
2.49187
1.7166
0.58878
0.556676
0.257389
0.204253
0.000528459
7.70702
4.61729
4.19532
3.19732
2.75358
1.75432
1.53994
1.02858
0.652806
0.315978
0.000482346
5.57965
4.53043
2.94591
2.29243
2.11348
1.51515
0.863859
0.544281
0.39803
0.179877
0.000849905
6.46736
4.50646
4.34715
3.36939
2.87738
2.69173
2.51055
1.45274
0.351088
0.0625872
0.00891217
5.23129
4.58192
3.74418
3.09096
2.53604
1.84202
1.46594
0.882781
0.665799
0.259662
0.1096
7.36832
3.71727
3.69162
3.20588
2.58279
1.4394
1.38316
1.07085
0.542148
0.357914
0.00115066
7.23737
4.96648
2.9816
2.34472
2.17312
1.85628
1.46923
1.11653
0.379344
0.292599
0.00139231
5.61045
4.54383
3.67743
2.95552
2.55469
2.04472
1.83333
1.53324
0.861587
0.701464
0.00194026
8.54406
5.17208
4.3154
3.0544
2.99109
1.69407
0.679622
0.462636
0.440537
0.0894818
0.00335163
5.21183
4.1683
2.9536
2.24936
1.90883
1.68071
1.0904
0.451047
0.309245
0.0284391
3.94919e-05
4.84833
4.23371
3.17532
2.34309
1.96669
0.846515
0.654522
0.219261
0.125031
0.0904847
0.000300215
5.35896
5.10476
3.6658
2.59305
2.36332
1.8137
1.37084
1.0771
0.700208
0.0682282
0.000610992
6.02053
4.79993
3.51715
2.79668
2.39081
1.787
1.44473
0.765724
0.461634
0.182474
0.00221489
5.55712
4.37566
3.78924
2.79245
2.3163
1.93567
1.56779
1.00285
0.849065
0.0212581
0.000435657
7.63034
3.93509
3.87287
3.25797
2.81207
2.49108
2.29624
1.05851
0.663748
0.14537
0.0646721
5.45892
4.37873
3.39738
3.1441
2.77239
1.75227
1.53087
1.12014
0.84219
0.603762
0.00101736
6.4362
4.59683
3.92885
2.68682
2.42031
1.64845
0.813679
0.474231
0.233259
0.00524175
0.000221016
5.70809
4.39989
2.53441
1.86063
1.63495
1.29745
0.93759
0.272242
0.0489215
0.0021212
0.000715214
7.70386
5.27307
4.10841
2.82015
2.45889
2.01953
1.71158
0.914235
0.364047
0.111669
0.00293908
5.90491
4.41354
3.45468
2.44876
2.02527
1.7269
1.20812
0.657553
0.459121
0.0771886
0.000632592
7.21516
4.70197
3.94498
2.98498
2.62343
1.79881
1.61568
1.15857
0.983257
0.829844
0.284773
6.69844
4.62567
4.02402
2.69005
2.55516
1.91948
1.53881
0.276248
0.188613
0.0351832
0.000604336
7.68918
5.87239
4.57508
3.06373
2.81195
2.10722
1.5989
1.10495
0.662901
0.168902
0.00246374
6.30017
4.77456
3.8433
3.19033
2.75158
2.13183
1.86463
1.17787
0.594288
0.0403505
0.00174883
5.34103
5.09444
3.92309
2.93055
2.5564
2.00203
1.50062
1.26139
1.02078
0.00868479
0.00742831
7.99424
5.83825
3.91428
3.04369
2.6023
1.52024
1.22196
0.826797
0.469084
0.0199632
0.000429436
5.96367
4.97434
3.8747
3.01917
2.77004
1.36583
0.881176
0.493628
0.133387
0.0445454
0.000413129
5.85027
5.28388
4.04522
3.13842
2.77546
1.83886
1.64186
1.03877
0.816225
0.144313
5.13264e-05
5.65875
4.89711
3.7772
2.44543
2.23146
1.55349
1.42829
1.16645
0.495789
0.0100251
0.00530401
7.19809
4.65743
3.83369
3.07244
2.65635
1.63554
1.33741
0.981481
0.580645
0.326666
0.000670365
6.06567
4.87069
2.9134
2.36649
2.17544
1.93112
1.11628
0.771873
0.146074
0.0401254
0.00218758
6.07115
5.2929
3.53855
2.85729
2.59656
1.12342
0.908446
0.373563
0.142085
0.0371215
0.000837644
6.34008
5.08833
4.2769
2.72817
2.50813
1.49825
0.780181
0.47558
0.283852
0.122228
0.000461922
6.99854
5.64596
4.33167
2.96312
2.70772
1.78372
1.59711
1.15815
0.882494
0.43464
0.000938117
5.11176
4.96158
3.97023
2.98175
2.54826
2.1203
1.35967
0.505527
0.42185
0.0218583
0.00654188
6.46944
4.94586
4.84093
2.45186
2.28877
1.84324
0.998605
0.626071
0.185605
0.0537075
0.00320943
5.6944
4.91657
3.80804
3.05732
2.74003
1.78372
1.44244
0.898788
0.721425
0.306151
0.00157257
9.48642
4.45873
4.02381
3.30991
2.75924
1.63753
1.05569
0.803357
0.329425
0.0526147
0.00133048
5.97968
4.40947
3.53646
3.06203
2.64878
0.861004
0.477476
0.294053
0.131976
0.0106491
0.000198306
5.53537
4.56078
3.87109
2.90024
2.42769
1.9084
1.67753
0.76134
0.583868
0.275676
0.00296177
6.17711
4.00769
3.74834
3.02711
2.59226
2.07255
2.03858
1.70661
1.14471
0.200017
0.00308373
5.6477
4.85914
3.97935
3.03743
2.73579
2.25359
1.88631
0.819384
0.341507
0.20737
0.00344746
6.98727
6.01402
4.10794
3.10122
2.56334
1.77608
0.974979
0.918612
0.421697
0.103709
0.00288397
4.88741
4.51346
4.17181
2.95938
2.51314
1.92208
1.66416
0.784714
0.27376
0.145202
0.000857714
5.54802
4.10084
3.15813
2.40483
2.29671
1.8874
1.52479
1.11433
0.852194
0.00979851
0.000139851
6.01161
4.64465
3.68196
3.14888
2.85313
1.45123
1.12391
0.320529
0.213354
0.056416
0.00095678
5.97463
4.16263
3.99396
3.09177
2.57744
1.76118
1.53894
0.732224
0.692557
0.243438
0.000324028
5.5712
5.2653
4.76722
2.70131
2.46844
1.72485
1.20444
0.414985
0.391624
0.111688
0.00209094
7.43322
5.24912
3.76354
3.18838
3.06498
2.0047
1.48921
1.11357
0.404034
0.176256
0.00181914
5.75895
4.08008
3.45396
2.51833
2.30403
1.5226
1.01708
0.706568
0.382692
0.0537184
0.00110731
6.27008
5.0433
3.44526
3.09628
2.91599
1.80374
1.40464
0.760978
0.438554
0.303771
0.00188021
6.30191
5.0954
4.03946
3.3467
2.98467
1.78338
1.32484
0.542824
0.364025
0.290668
0.00227461
5.87307
4.78472
3.89338
2.9341
2.54033
1.97681
1.51756
1.01394
0.673123
0.492661
0.00143495
10.0017
4.6861
3.91405
3.64354
2.83388
1.73667
1.263
0.425882
0.0856497
9.80909e-45
2.8026e-45
5.85683
4.56516
3.82468
2.74406
2.40956
1.62099
1.3116
0.969967
0.800956
0.124972
0.00307133
4.84972
4.09531
3.67988
2.7991
2.50419
1.64246
1.51987
0.984733
0.639577
0.37763
0.000962161
8.99957
4.29362
3.3738
3.15273
2.63751
1.4188
0.960043
0.37203
0.364097
0.0586791
0.000825492
5.88384
4.54039
2.64479
2.02957
1.68823
1.58944
1.14061
0.785864
0.230302
0.06733
0.00013654
6.02129
5.33389
4.27524
2.64418
2.50113
2.01254
1.41539
0.681454
0.500067
0.13957
0.00255754
5.32635
5.07271
3.66288
3.06035
2.81335
1.9034
1.26317
1.19564
0.712877
0.26645
0.00137285
6.55551
4.66606
3.65333
3.27631
2.72418
1.60748
1.39076
1.18211
0.559845
5.60519e-45
4.2039e-45
7.81985
5.14543
3.90629
3.36691
3.0126
2.13224
1.82454
0.820929
0.476645
0.183786
8.85554e-05
7.42538
4.52763
3.51688
3.05067
2.67117
1.13301
0.439286
0.0656576
0.0572759
0.0112941
0.000600744
4.92738
4.37144
3.41904
2.59312
2.27247
1.27901
0.791562
0.363847
0.190904
0.015545
0.00187565
5.55211
4.47087
2.5769
2.00882
1.61579
1.17815
0.615288
0.429528
0.204498
0.045432
0.00119161
10.8765
4.61469
4.17485
3.72698
2.97561
1.36491
1.14811
0.464148
0.40351
0.160858
0.00429274
5.38216
5.06336
4.06422
2.66462
2.41593
1.66784
1.21281
0.754564
0.586467
0.263039
0.000383309
5.03793
4.57262
3.65542
2.52293
2.19908
1.71838
1.29238
0.963077
0.588945
0.134162
0.00280725
6.7933
3.89694
3.61249
3.29692
2.76118
1.49725
1.39342
0.244566
0.130285
0.0502429
0.000667259
6.04827
4.58387
3.62646
2.99794
2.32349
2.01124
1.76885
0.91428
0.336724
4.2039e-45
2.8026e-45
6.39632
4.93526
4.27764
2.71335
2.50265
1.90222
1.76845
1.45023
0.799836
0.120228
0.000679587
10.008
5.92502
4.18043
3.40612
3.10129
1.81227
1.49763
0.928912
0.499129
0.372018
0.00214919
7.07521
5.25555
4.01924
3.05187
2.87777
1.59059
1.33601
0.8951
0.638743
0.158032
0.0051061
5.49954
5.12155
3.91899
2.78316
2.33736
1.84187
1.46686
0.922974
0.592291
0.435622
2.78319e-05
7.19352
5.49677
3.86839
3.01847
2.68316
1.67753
1.56311
1.02807
0.338935
0.0716993
0.000527683
5.83371
4.34724
3.73022
2.99187
2.52334
0.789703
0.588925
0.135114
0.0460726
7.00649e-45
2.8026e-45
5.69059
4.85552
2.92887
2.398
2.09038
0.916112
0.664384
0.317389
0.0752503
0.00579466
0.00284154
8.12529
4.28134
3.76357
3.16401
2.8198
1.46177
1.23487
0.630538
0.335378
0.138877
0.00418174
5.03205
4.59882
3.59442
3.01267
2.54414
1.90595
1.52538
1.29987
1.02178
0.657695
0.00100204
5.61706
4.2099
3.88879
2.48796
2.23541
1.47595
1.16941
0.567048
0.454534
0.0187555
0.000603504
6.96222
5.38832
3.65089
2.89926
2.80312
1.57846
0.889155
0.559428
0.111936
0.0452677
4.02561e-05
6.06964
5.17332
3.4717
2.47536
2.33723
1.80789
1.65391
1.22169
0.262466
0.0208308
0.00192614
5.42433
4.83037
3.61386
2.61871
2.3511
1.9517
1.53883
1.36038
0.791284
0.278257
0.00144349
6.7371
5.34762
2.44973
1.83349
1.42761
0.891413
0.509418
0.119867
0.0373417
0.00260994
3.99378e-05
7.55785
5.41967
3.6087
3.02183
2.87235
1.62199
1.29471
0.615952
0.367834
0.167722
0.000528399
5.8172
4.85119
4.58419
2.74235
2.61475
1.87369
1.68105
1.38623
0.805235
0.323151
0.00171844
5.21691
4.85016
3.63157
3.00902
2.72763
1.56216
1.40649
0.768451
0.41642
0.0537113
0.00961738
7.81553
5.87506
2.46902
2.08062
1.23158
0.974872
0.827371
0.567588
0.0245677
7.00649e-45
4.2039e-45
5.65382
4.99348
3.55578
2.96168
2.74009
1.9649
1.35862
0.643143
0.150094
0.0506876
0.000717719
5.75414
4.84741
3.56896
2.89829
2.68069
0.921226
0.543799
0.13198
0.116327
0.0613167
0.000223326
7.29876
5.78606
3.85658
3.08696
2.80989
1.85811
1.62725
1.40979
0.914932
0.462849
0.000627827
7.95455
5.40575
4.3233
3.01984
2.6248
2.09231
1.46468
1.04036
0.385759
0.171275
0.00610315
5.40668
5.1506
3.66699
2.72479
2.48455
1.57587
1.09235
0.721146
0.366627
0.164584
0.000813186
6.53126
4.73894
3.62516
3.1951
2.96307
1.37629
1.29889
0.832685
0.553813
0.125425
0.000237901
9.3028
5.88145
3.86061
3.4271
2.9171
1.83076
1.48604
1.00484
0.458084
0.304242
5.14609e-05
5.25882
4.48277
3.59432
2.51161
2.13478
1.761
1.51372
1.36556
0.476941
0.118697
0.000776839
5.93462
4.65722
3.1633
2.43026
2.19537
1.82612
1.58998
0.722364
0.419995
0.153739
0.000280324
5.18585
4.35106
3.77455
2.92603
2.4592
1.73126
1.36331
0.70015
0.37856
0.0368954
0.0038428
6.25483
5.27816
4.08361
3.17085
2.76813
2.15398
2.05899
1.03368
0.862803
0.26543
0.00150439
8.67972
4.55286
3.64866
3.08796
2.56456
1.26814
0.965308
0.599499
0.369141
0.097593
0.000605382
5.28898
4.814
4.02842
2.89619
2.44041
1.74688
1.52138
0.685072
0.517792
0.215907
0.00073703
7.02555
5.52006
3.94483
3.02046
2.87533
1.86211
1.62393
1.44654
1.21528
0.0674205
0.000354754
9.35531
4.67828
3.74537
3.22439
2.89499
1.43561
0.801102
0.381542
0.189744
0.1013
0.032906
4.98824
4.70152
3.60341
2.90923
2.60576
1.79002
1.55569
0.613617
0.557777
0.0249737
0.000232646
6.43338
5.74933
4.09575
2.64634
2.40276
1.90915
0.959106
0.564531
0.324658
0.00482719
0.00090191
6.79049
5.39886
3.73374
3.03582
2.93366
1.66994
1.3087
0.203383
0.152993
0.132899
0.0192457
5.23886
5.06356
3.68554
2.84576
2.64461
1.37932
0.965109
0.512352
0.314252
0.199249
0.000468727
6.94545
5.35487
4.03763
3.0817
2.74871
1.58357
1.34621
0.539115
0.486071
0.0145117
0.00014262
5.726
5.05841
4.1713
3.43599
2.91141
2.15528
1.84073
0.578245
0.102881
5.60519e-45
2.8026e-45
5.71836
4.43054
2.50759
1.90289
1.50745
1.31327
1.10027
0.751512
0.223567
0.0875486
0.00132192
5.70934
4.71703
2.86428
2.32478
1.85439
0.795196
0.505807
0.31738
0.111831
0.0310856
0.00109951
6.34792
4.97429
3.82879
2.52523
2.37795
1.68543
0.810308
0.737658
0.360409
0.0940875
0.000800712
8.21075
5.22439
3.84
3.21288
2.75784
1.52722
0.744696
0.663109
0.197015
0.0282864
0.00162971
5.60989
4.74319
3.26785
2.34219
2.03683
1.4036
0.686701
0.561233
0.266787
0.0560276
0.000657604
6.17748
4.97581
3.73945
2.48118
2.1258
1.83922
1.69244
1.27236
0.540412
0.223796
0.00185473
6.14199
5.19018
3.30455
2.49092
2.27427
1.41924
0.885964
0.551461
0.275045
0.0825907
0.000362183
6.33815
5.60352
3.54022
3.00696
2.56648
2.20368
1.27812
0.5233
0.109049
0.0270391
0.00513966
7.45693
5.396
3.68932
3.31542
3.09594
2.71984
2.5655
1.49336
1.01779
0.0967869
0.0186867
8.34616
4.63103
3.31199
3.13786
2.52893
0.892048
0.421626
1.12104e-44
5.60519e-45
2.8026e-45
1.4013e-45
5.35137
4.09552
3.81889
2.97813
2.63215
1.27844
0.867855
0.625224
0.177074
0.0426059
0.0011727
5.92584
5.27084
2.54369
1.94481
1.7944
1.36612
1.07173
0.847749
0.40061
0.299859
0.00205417
6.38039
4.81512
4.01551
2.7785
2.60443
1.58142
1.03769
0.84665
0.481745
0.119117
0.00151624
5.3536
4.36539
2.82299
2.43046
1.71331
1.32439
1.05062
0.714843
0.528855
0.41484
0.15583
6.67558
5.36657
4.83301
3.64969
3.39706
2.41554
2.12552
1.00864
0.408957
0.119232
0.000547085
5.20721
4.37374
3.06189
2.27613
2.20369
1.41544
0.928296
0.510002
0.315341
0.138143
0.00659754
7.73302
5.76592
4.04691
3.06577
2.79538
2.01524
1.49926
1.15017
0.707355
0.111871
0.00208699
5.44684
4.85697
4.20313
3.3372
2.83548
2.32947
1.96681
1.61832
1.10346
0.0876018
0.00217019
5.50319
4.91
4.01532
3.28148
2.9356
2.01782
1.81105
1.19042
0.735186
0.175343
0.000303208
5.60019
4.19375
3.80466
3.08246
2.60037
1.71671
1.4329
1.22271
0.980324
0.469988
0.000528584
6.0184
4.5465
3.69289
3.1343
2.7218
1.77114
1.62236
0.514219
0.478975
0.0146854
0.000191977
7.55296
4.37523
4.28224
3.05807
2.65923
1.81407
1.62351
1.10478
0.833366
0.234074
0.00223432
6.82689
5.12127
3.66817
3.13275
2.9523
1.41524
0.973223
0.522431
0.294058
0.129781
0.00364604
5.10986
4.70615
3.04805
2.25712
2.19669
1.90072
1.53316
1.2535
0.686115
0.365692
0.00446525
6.76371
4.46515
3.11895
2.9946
2.3097
2.29305
1.74021
1.01171
0.807305
0.111995
0.00154736
5.8726
5.45887
2.45909
1.71845
1.03103
0.88652
0.454554
0.451576
0.195179
0.00890879
0.0029587
5.6702
4.64275
3.7273
3.27562
2.87468
1.69864
1.52936
0.741636
0.606812
0.449726
0.0120747
6.81723
5.16581
3.68383
2.93998
2.70433
1.82199
1.3644
0.965906
0.467072
0.00869784
0.00797224
7.66661
5.29655
4.71421
2.86458
2.73653
1.80197
1.34167
1.12568
0.417559
0.173243
0.00585083
6.06182
4.47761
2.60605
2.22022
2.05657
1.59745
0.355489
0.0239343
0.0179444
0.00726652
0.00107942
5.5967
4.74161
3.90808
2.44757
2.05184
1.53779
0.849286
0.661761
0.147115
0.0658674
0.000650085
6.03614
5.1233
4.05379
3.36814
2.968
2.32631
1.92552
1.69801
0.848273
0.57721
0.000923166
4.90914
4.39842
3.49177
2.53874
2.31777
1.28325
1.18643
0.106364
0.0715927
0.00258566
0.00087445
6.30042
4.10302
3.74673
3.24828
2.61259
2.00971
1.43205
0.987907
0.406387
0.0147906
3.38301e-05
4.98213
4.59375
4.16452
3.53926
2.58545
2.50002
2.46413
1.62681
1.2505
0.0227218
0.00599997
8.79333
4.17281
3.77631
3.34265
2.81808
0.898036
0.477765
0.193929
0.053068
0.0145916
0.00163213
6.06216
4.52424
2.87044
2.61412
2.04719
1.9495
1.59827
0.948515
0.373589
0.216432
0.00133155
6.9757
5.09592
4.10386
3.06003
2.91549
1.82144
1.36363
0.616546
0.586072
0.223265
0.00218817
7.21999
4.93278
3.8771
3.6227
3.01575
2.10598
1.70771
0.89708
0.491039
0.0678597
0.0014339
6.05566
4.6522
3.36572
2.38498
2.02644
1.47065
0.861812
0.366568
0.251733
0.0743754
0.00111295
5.51542
4.35566
3.99381
3.6538
2.69331
2.2126
2.04958
0.737587
0.484631
0.0140392
0.000993577
8.27593
5.87702
3.84847
3.03387
2.90241
1.96369
1.64443
1.10086
0.539195
0.134427
0.000459599
5.64089
4.89986
4.171
3.55491
2.5095
2.31195
2.16795
1.23899
0.75085
0.120991
0.0146175
5.3187
4.49068
3.94582
3.18169
2.82478
1.65838
1.54806
0.774122
0.496157
0.225043
0.00555682
5.13953
4.69423
3.66634
2.80936
2.31462
1.897
1.7058
0.461805
0.333362
4.2039e-45
2.8026e-45
8.00107
4.71021
4.07249
3.05205
2.78387
1.8318
1.4079
1.05297
0.564872
0.239901
0.000359414
7.17383
5.07425
3.80256
2.97252
2.70376
2.20671
1.82615
1.44783
0.977107
0.373175
0.00263554
8.44347
4.89046
3.76924
3.15026
3.00457
1.37744
1.18808
0.650743
0.224839
0.0285013
0.000362466
5.2467
4.36149
3.28507
2.55674
2.24251
1.49497
0.910598
0.553613
0.489956
0.0701503
0.000787901
5.15022
4.96332
4.31789
2.48517
2.21767
1.78478
1.35889
0.431438
0.223567
0.0549386
0.00162538
7.43636
4.80365
3.50219
3.04451
2.85678
1.36635
0.976489
0.81784
0.672228
0.110163
7.45405e-05
5.60782
4.41824
3.51932
2.58255
2.4256
1.82296
1.51241
0.755747
0.589373
0.259439
0.000705488
5.49028
4.40263
3.47465
2.42436
2.32283
1.13382
0.87692
0.300096
0.256325
0.146464
0.00049566
5.7243
4.80494
4.47748
3.2407
2.53565
1.96246
1.81159
0.557357
0.404812
0.173035
0.011218
6.71563
4.99565
2.68288
2.13761
2.00509
1.7714
1.39806
1.30005
0.760262
0.0729372
0.000149025
6.38626
5.13079
3.72537
3.05955
2.75032
1.15066
0.832895
0.449457
0.256241
0.120549
0.00130815
6.30857
4.17345
3.40529
2.91084
2.83884
2.06308
1.90696
1.65592
1.0384
0.385824
0.00154467
7.51003
5.26313
4.05135
3.48566
3.18942
1.76793
1.35553
0.449096
0.349248
0.145022
0.000872575
5.57561
4.54672
2.59131
2.35508
1.42149
0.77418
0.484037
0.239074
0.135562
0.087325
0.00188978
5.49502
4.85734
4.0179
3.21123
2.89838
1.99499
1.93282
0.827328
0.536329
0.374979
0.000962012
5.99194
4.83404
4.04121
2.94901
2.55443
1.77476
1.63432
0.541383
0.440699
0.135489
0.00712172
9.16994
4.86837
4.13383
2.87408
2.82074
1.51611
1.08902
0.41614
0.124318
0.0416982
0.000441524
4.86807
4.65312
3.54965
2.6075
2.38107
1.20563
1.09538
0.362666
0.228569
0.0277701
0.0025075
6.33709
4.77901
3.85524
2.92289
2.46178
1.77112
1.31469
0.662515
0.497586
0.322261
1.86405e-05
5.22811
4.31398
3.30749
2.45348
2.16308
1.58498
1.16385
0.768093
0.59835
2.8026e-45
1.4013e-45
6.49951
5.07181
3.75775
2.59242
2.35389
2.01376
1.22795
0.59576
0.311305
0.00641996
0.00098893
5.22527
4.58234
3.9063
2.67938
2.55774
1.59274
1.38574
1.09924
0.81649
0.0593277
0.000564907
5.81409
4.30825
2.95286
2.43252
2.1939
1.61146
1.17554
0.929314
0.838043
0.496552
0.00332319
5.63551
4.55325
3.41054
2.61878
2.38361
1.30721
0.930987
0.424628
0.163479
0.0656073
0.00049508
5.01687
4.50891
3.70263
2.88565
2.6556
1.50249
1.25955
0.602192
0.536223
0.0437559
0.000851533
6.63438
5.21973
3.8043
3.45745
3.10597
1.8663
1.48107
1.0081
0.961285
0.710566
0.00677253
5.17836
4.77074
4.11956
2.64986
2.24294
1.97824
1.91117
0.418462
0.0897262
0.0497983
0.00204126
5.56495
4.47687
3.71424
2.9299
2.48689
2.03467
1.82491
1.53638
0.741553
0.460431
0.000719681
6.31409
5.19165
3.60898
3.0109
2.52053
1.94099
1.44132
1.26399
0.709323
0.422587
0.00221017
5.13703
4.63205
4.16852
2.45044
2.13524
1.11336
0.403917
0.369364
0.190692
0.0622802
0.0156835
6.7056
4.03934
3.87414
3.59056
3.38308
2.24639
1.91929
1.71728
1.3469
0.168276
0.00744342
5.25151
4.20727
3.43563
2.76852
2.33512
1.49227
1.38116
0.667932
0.610018
0.330535
0.0027385
5.65396
4.23798
3.20148
2.52483
2.23332
1.87391
1.16968
0.861252
0.709568
0.526414
0.208931
6.04515
4.33592
3.55005
2.5357
2.46256
1.02736
0.655127
0.294308
0.186347
0.0110399
0.0064462
5.99538
4.56503
3.18312
2.28895
2.22549
1.69243
1.05304
0.659611
0.365316
0.0438714
0.00046691
5.99503
5.39658
4.00975
2.92535
2.67813
1.70667
1.63482
1.44772
1.18468
0.42146
0.00208644
5.85327
4.66388
4.48345
3.27849
3.06084
2.51954
2.43695
1.4986
0.796413
0.282017
0.00138613
4.74586
4.20059
2.97902
2.38424
2.08558
1.45845
1.21311
0.875435
0.593649
0.416626
0.000192395
7.6356
5.48699
3.78963
3.1372
2.90673
1.74758
1.31445
0.41037
0.0978152
0.0126564
0.00105818
5.37788
4.21246
2.82193
2.1859
1.66802
1.44561
1.05922
0.287614
0.143362
0.0836776
0.000404852
5.77625
3.80468
3.55806
3.18951
2.78267
2.57819
2.16847
1.73009
0.979766
0.744386
0.362502
5.7416
4.36914
3.38503
2.50583
2.33449
1.34011
0.770546
0.585773
0.186475
0.0220634
0.00119091
5.35622
4.9436
3.95307
3.15177
2.6147
1.84892
1.66484
0.88672
0.661779
0.0738581
0.00312315
6.00516
4.62236
3.82625
2.89347
2.45247
1.88183
1.63066
0.81864
0.663536
0.60169
0.00193089
5.47939
4.22785
2.69423
2.25669
1.91129
1.52067
0.636228
0.365927
0.120821
0.0243563
0.000453554
8.45698
5.0823
4.12291
3.00105
2.60304
1.78851
1.13497
0.636572
0.421272
0.120794
0.00196169
6.90225
5.13739
3.73915
3.60968
3.47346
2.23361
2.14177
1.26868
1.02603
0.606665
0.000408662
7.39699
5.90579
5.45602
2.63518
2.4728
1.84478
0.821497
0.192273
0.0937711
1.26117e-44
1.4013e-45
5.80178
4.46982
3.65001
3.16209
2.32268
2.13897
1.8966
1.46934
1.02399
0.385279
0.00318228
8.25789
5.45847
3.8048
3.18405
2.94153
1.43197
1.27086
0.417895
0.323698
0.0462059
0.00094873
6.61681
4.39497
3.52455
2.93188
2.74205
1.46635
1.03102
0.635211
0.325351
0.184626
0.0662648
5.00266
3.78235
3.54399
2.62752
2.28514
1.71173
1.33236
0.303514
0.197517
0.00223278
0.000930645
7.13742
4.95436
4.03436
3.03127
2.80032
2.07813
1.57482
0.672259
0.450904
0.226182
0.00143105
5.574
4.53797
4.17884
2.7588
2.54049
1.79671
1.15075
0.927077
0.366373
0.0400989
0.000299716
6.15446
5.09144
3.96051
3.3516
2.94693
1.90432
1.72942
1.08975
0.483439
0.311607
0.000114359
6.27947
5.043
3.74067
2.92886
2.51277
1.82811
1.30988
0.681867
0.555152
0.065301
0.00324568
5.84701
4.9466
3.01726
2.33265
2.16302
1.65559
0.99901
0.860932
0.589695
0.433242
0.000224034
6.47812
4.99396
3.66747
2.38172
2.28297
1.96617
1.28158
0.881777
0.310525
0.0587729
0.00276776
6.72094
5.17773
4.05137
3.56896
2.83685
2.71183
2.59905
1.28563
0.622714
0.0404582
0.00206473
4.75099
4.47864
3.82341
2.59614
2.31968
1.49457
1.14808
0.826736
0.0620334
0.000983036
3.70136e-05
6.71372
4.76067
4.36397
2.91235
2.65314
1.86274
1.78744
1.39618
0.808587
0.300645
0.0342208
6.16351
4.50301
3.7584
3.19197
3.0246
1.86814
1.62731
0.813006
0.453009
0.0850177
2.12214e-05
5.47483
4.67979
3.808
2.85062
2.42769
1.72768
1.59846
0.340715
0.284022
0.128756
0.000527457
7.34717
4.91105
3.80004
3.45849
2.96275
1.86261
1.61897
0.887299
0.57866
0.0839422
0.00951511
9.07681
4.42925
4.02693
3.54622
2.8824
1.71121
0.754367
0.498898
0.422748
0.0659213
0.00299136
6.79401
4.62203
4.07435
2.72138
2.6496
1.72918
1.37042
0.451574
0.115285
0.0244973
0.00028309
8.43438
4.23545
3.92407
3.16629
2.71717
1.72042
1.02854
0.840803
0.0479257
0.0288536
0.000460074
7.3765
5.70608
3.91755
3.29092
2.63604
1.57134
1.16475
0.939774
0.350323
0.248278
0.182547
4.71466
4.57731
3.67485
2.72904
2.50215
2.03973
1.38993
1.06549
0.84406
0.21155
0.00349471
5.36489
4.65967
2.94911
2.2504
1.73409
1.4211
0.556358
0.154831
0.0703587
0.0055608
0.000668505
5.59582
4.24304
3.06539
2.28059
2.11521
1.52681
1.11666
0.822022
0.497557
0.170931
0.00134973
5.70228
4.56662
4.24266
3.43991
2.92963
2.32059
2.03782
0.683179
0.461179
0.066105
0.000136122
6.59089
4.93557
3.52015
3.10157
2.47506
1.77329
1.2439
0.360363
0.211269
0.157792
0.00224963
4.75723
4.50965
2.94281
2.67704
2.43337
1.79828
1.63955
1.47694
1.10512
0.020615
0.000223
7.83737
6.37766
4.26035
3.5684
2.97473
2.42252
2.27423
1.23675
0.598512
0.266541
0.000407072
6.80334
4.69319
3.57865
2.82766
2.44004
1.46943
0.769984
0.543216
0.50136
0.235135
0.00431022
5.14917
4.96469
3.66192
3.03642
2.52635
1.66382
1.61123
1.44593
0.906454
0.183934
0.0016311
8.50446
5.6174
3.93829
3.23932
3.01671
1.91592
1.36149
1.00374
0.621342
0.399813
0.00407691
7.43965
6.1541
4.56541
3.16565
2.66166
1.79912
1.61147
1.49714
0.943891
0.365962
0.00293509
5.45963
5.16464
4.2157
2.85522
2.59193
1.70461
1.33704
0.988676
0.437046
0.0506879
0.000149087
7.97277
5.49628
4.15112
3.4299
2.74097
1.88791
1.4638
1.26479
0.680031
0.244029
0.000826416
7.33842
4.93156
4.14829
2.91391
2.62279
1.55794
1.08211
0.990167
0.744372
0.288024
0.00114019
6.72562
5.06487
4.24588
2.90908
2.63183
1.46373
0.983374
0.132801
0.0839121
0.00651568
0.00611302
6.83711
5.2648
4.03191
3.11529
2.94325
2.62882
2.03141
1.55213
1.08964
0.847525
0.00113005
8.72043
4.47586
3.74635
3.04946
2.89011
1.30641
0.549712
0.129447
0.070439
0.0154136
0.000821675
6.25306
5.28234
3.94571
2.98524
2.74969
1.70745
0.796335
0.547985
0.312206
0.00374218
0.00198329
5.90723
4.29917
3.52238
2.54898
2.3653
1.69525
1.49782
1.27433
0.788298
0.514955
0.00178109
5.17779
4.76785
3.67412
2.9091
2.65588
1.81948
1.46025
0.913002
0.737186
0.211444
0.00120424
6.46672
4.83037
3.59405
3.44027
2.69396
2.59136
1.97024
1.15685
0.675704
0.144404
0.00249163
5.59438
4.72147
4.10425
2.83808
2.6659
1.94297
1.78068
1.75494
0.464471
0.302927
0.081601
7.80745
6.21168
4.22293
3.06289
2.59171
1.35007
0.945047
0.469808
0.259428
0.119346
0.000947167
5.86963
4.15609
3.86952
3.00925
2.86088
1.77804
1.25156
1.20997
0.770275
0.091286
0.000971109
8.99292
5.41082
4.10364
3.34374
3.11016
1.98107
1.45007
1.21319
0.828179
0.531996
0.0387016
7.54454
4.75627
4.24769
2.94204
2.59482
1.65832
1.354
1.05426
0.599768
0.289723
0.00202399
7.77049
5.36888
4.04384
3.21109
2.78445
1.94073
1.50487
1.07549
0.450188
0.179101
0.000158535
7.47583
5.05437
4.02372
3.00766
2.89939
2.17357
1.61473
1.23843
0.655092
0.508485
0.000509292
5.18146
4.62489
3.61028
2.73397
2.13572
1.90077
1.84379
1.61471
0.715744
0.533384
0.00191139
6.01877
5.0302
4.25828
3.00682
2.59495
1.33965
1.04724
0.980365
0.78011
0.194873
0.0429005
6.05149
4.21844
3.66073
3.50807
3.17137
2.34519
2.07312
1.34511
0.552558
0.0929376
0.0140422
8.81102
5.45691
5.03071
3.91067
3.48539
2.57697
2.42483
1.28639
0.598864
0.120965
0.00153418
5.08987
4.12245
3.83534
2.62044
2.26366
1.65858
1.4674
1.33822
1.03364
0.511959
0.049864
5.62658
4.39454
2.7661
2.00372
1.90884
1.47907
1.16283
0.376764
0.262826
0.0291426
0.000223994
5.83515
4.49172
3.67999
2.76025
2.37427
1.85074
1.54772
0.433686
0.287796
0.183595
0.000207894
5.46402
4.55662
2.55939
1.95374
1.66607
0.633531
0.555652
0.263165
0.13352
0.0551837
0.000787481
5.2635
5.03096
4.13002
2.82317
2.66959
1.51857
0.97884
0.74318
0.191691
0.05895
0.000915203
4.89205
4.29546
3.24393
2.43649
2.24315
1.45527
0.715846
0.562506
0.29698
0.158219
0.0300558
5.06056
4.73841
4.29176
3.21799
2.70185
1.87245
1.71401
0.257543
0.104013
0.0768234
0.00130327
camera 0 [1, 0, 0, 0;
 0, 1, 0, 0;
 0, 0, 1, 0;
 0, 0, 0, 1]
camera 1 [0.98139542, -0.0053801937, -0.19192177, 0.99987221;
 0.0046656523, 0.99998045, -0.0041747899, 0.01545265;
 0.19194043, 0.0032017461, 0.98140132, 0.004103581;
 0, 0, 0, 1]
camera 2 [0.93520546, -0.0162204, -0.35373387, 1.9549233;
 0.016601279, 0.99986029, -0.0019577639, 0.03824747;
 0.35371622, -0.0040415237, 0.93534404, 0.19564417;
 0, 0, 0, 1]
Initial internal calibration:
2700    0       1500
0       2700    1000
0       0       1
Initial camera poses calibration:
  camera 0
   1    0       0        | 0
   0    1       0        | 0
   0    0       1        | 0
  camera 1
   0.981395     -0.00538019     -0.191922        | 0.999872
   0.00466565   0.99998         -0.00417479      | 0.0154527
   0.19194      0.00320175      0.981401         | 0.00410358
  camera 2
   0.935205     -0.0162204      -0.353734        | 1.95492
   0.0166013    0.99986         -0.00195776      | 0.0382475
   0.353716     -0.00404152     0.935344         | 0.195644
iter 0 error: 15.5191 (reprojection stddev in pixels)
iter 1 error: 11.8998 (reprojection stddev in pixels)
iter 2 error: 10.5139 (reprojection stddev in pixels)
iter 3 error: 9.86566 (reprojection stddev in pixels)
iter 4 error: 9.54179 (reprojection stddev in pixels)
iter 5 error: 9.3754 (reprojection stddev in pixels)
iter 6 error: 9.28666 (reprojection stddev in pixels)
iter 7 error: 9.23562 (reprojection stddev in pixels)
iter 8 error: 9.20244 (reprojection stddev in pixels)
iter 9 error: 9.17791 (reprojection stddev in pixels)
min, max, median distances (weighted): 0.00682394 272.081 0.741932
iter 10 error: 4.82428 (reprojection stddev in pixels)
iter 11 error: 4.81391 (reprojection stddev in pixels)
iter 12 error: 4.80632 (reprojection stddev in pixels)
iter 13 error: 4.79985 (reprojection stddev in pixels)
iter 14 error: 4.79427 (reprojection stddev in pixels)
iter 15 error: 4.78941 (reprojection stddev in pixels)
iter 16 error: 4.78514 (reprojection stddev in pixels)
iter 17 error: 4.78134 (reprojection stddev in pixels)
iter 18 error: 4.7779 (reprojection stddev in pixels)
iter 19 error: 4.77468 (reprojection stddev in pixels)
min, max, median distances (weighted): 0.00232595 135.053 0.480638
iter 20 error: 2.47353 (reprojection stddev in pixels)
iter 21 error: 2.4714 (reprojection stddev in pixels)
iter 22 error: 2.46977 (reprojection stddev in pixels)
iter 23 error: 2.46816 (reprojection stddev in pixels)
iter 24 error: 2.46653 (reprojection stddev in pixels)
iter 25 error: 2.46485 (reprojection stddev in pixels)
iter 26 error: 2.4631 (reprojection stddev in pixels)
iter 27 error: 2.46128 (reprojection stddev in pixels)
iter 28 error: 2.4594 (reprojection stddev in pixels)
iter 29 error: 2.45746 (reprojection stddev in pixels)
min, max, median distances (weighted): 0.00077204 67.4602 0.407053
iter 30 error: 1.32112 (reprojection stddev in pixels)
iter 31 error: 1.31816 (reprojection stddev in pixels)
iter 32 error: 1.31546 (reprojection stddev in pixels)
iter 33 error: 1.31273 (reprojection stddev in pixels)
iter 34 error: 1.30999 (reprojection stddev in pixels)
iter 35 error: 1.30725 (reprojection stddev in pixels)
iter 36 error: 1.30454 (reprojection stddev in pixels)
iter 37 error: 1.3019 (reprojection stddev in pixels)
iter 38 error: 1.29936 (reprojection stddev in pixels)
iter 39 error: 1.29695 (reprojection stddev in pixels)
min, max, median distances (weighted): 0.00062561 33.7821 0.343946
iter 40 error: 0.762931 (reprojection stddev in pixels)
iter 41 error: 0.759141 (reprojection stddev in pixels)
iter 42 error: 0.755948 (reprojection stddev in pixels)
iter 43 error: 0.753089 (reprojection stddev in pixels)
iter 44 error: 0.750584 (reprojection stddev in pixels)
iter 45 error: 0.748438 (reprojection stddev in pixels)
iter 46 error: 0.746634 (reprojection stddev in pixels)
iter 47 error: 0.745159 (reprojection stddev in pixels)
iter 48 error: 0.743982 (reprojection stddev in pixels)
iter 49 error: 0.743065 (reprojection stddev in pixels)
min, max, median distances (weighted): 0.000610352 16.9413 0.289361
iter 50 error: 0.507924 (reprojection stddev in pixels)
iter 51 error: 0.506432 (reprojection stddev in pixels)
iter 52 error: 0.505625 (reprojection stddev in pixels)
iter 53 error: 0.505065 (reprojection stddev in pixels)
iter 54 error: 0.504683 (reprojection stddev in pixels)
iter 55 error: 0.504419 (reprojection stddev in pixels)
iter 56 error: 0.50424 (reprojection stddev in pixels)
iter 57 error: 0.504112 (reprojection stddev in pixels)
iter 58 error: 0.504021 (reprojection stddev in pixels)
iter 59 error: 0.503949 (reprojection stddev in pixels)
min, max, median distances (weighted): 0.000444343 8.48198 0.276524
iter 60 error: 0.421038 (reprojection stddev in pixels)
iter 61 error: 0.42074 (reprojection stddev in pixels)
iter 62 error: 0.420661 (reprojection stddev in pixels)
iter 63 error: 0.420594 (reprojection stddev in pixels)
iter 64 error: 0.420527 (reprojection stddev in pixels)
iter 65 error: 0.42046 (reprojection stddev in pixels)
iter 66 error: 0.420388 (reprojection stddev in pixels)
iter 67 error: 0.420311 (reprojection stddev in pixels)
iter 68 error: 0.42023 (reprojection stddev in pixels)
iter 69 error: 0.420143 (reprojection stddev in pixels)
min, max, median distances (weighted): 0.000488281 4.23607 0.270534
iter 70 error: 0.395768 (reprojection stddev in pixels)
iter 71 error: 0.395406 (reprojection stddev in pixels)
iter 72 error: 0.395291 (reprojection stddev in pixels)
iter 73 error: 0.395172 (reprojection stddev in pixels)
iter 74 error: 0.395072 (reprojection stddev in pixels)
iter 75 error: 0.394977 (reprojection stddev in pixels)
iter 76 error: 0.394885 (reprojection stddev in pixels)
iter 77 error: 0.394796 (reprojection stddev in pixels)
iter 78 error: 0.394701 (reprojection stddev in pixels)
iter 79 error: 0.394611 (reprojection stddev in pixels)
min, max, median distances (weighted): 0.000136479 2.11213 0.267693
iter 80 error: 0.388444 (reprojection stddev in pixels)
iter 81 error: 0.388284 (reprojection stddev in pixels)
iter 82 error: 0.388165 (reprojection stddev in pixels)
iter 83 error: 0.388048 (reprojection stddev in pixels)
iter 84 error: 0.387929 (reprojection stddev in pixels)
iter 85 error: 0.387815 (reprojection stddev in pixels)
iter 86 error: 0.387694 (reprojection stddev in pixels)
iter 87 error: 0.387575 (reprojection stddev in pixels)
iter 88 error: 0.387454 (reprojection stddev in pixels)
iter 89 error: 0.387331 (reprojection stddev in pixels)
min, max, median distances (weighted): 0.00012207 1.05191 0.266219
iter 90 error: 0.385406 (reprojection stddev in pixels)
iter 91 error: 0.385247 (reprojection stddev in pixels)
iter 92 error: 0.385101 (reprojection stddev in pixels)
iter 93 error: 0.384958 (reprojection stddev in pixels)
iter 94 error: 0.384806 (reprojection stddev in pixels)
iter 95 error: 0.384658 (reprojection stddev in pixels)
iter 96 error: 0.384502 (reprojection stddev in pixels)
iter 97 error: 0.384351 (reprojection stddev in pixels)
iter 98 error: 0.384192 (reprojection stddev in pixels)
iter 99 error: 0.384055 (reprojection stddev in pixels)
min, max, median distances (weighted): 0.000272958 0.766127 0.264042
iter 100 error: 0.38347 (reprojection stddev in pixels)
iter 101 error: 0.383342 (reprojection stddev in pixels)
iter 102 error: 0.383221 (reprojection stddev in pixels)
iter 103 error: 0.383139 (reprojection stddev in pixels)
iter 104 error: 0.383048 (reprojection stddev in pixels)
iter 105 error: 0.38298 (reprojection stddev in pixels)
iter 106 error: 0.382903 (reprojection stddev in pixels)
iter 107 error: 0.382841 (reprojection stddev in pixels)
iter 108 error: 0.382783 (reprojection stddev in pixels)
iter 109 error: 0.382737 (reprojection stddev in pixels)
min, max, median distances (weighted): 0.00012207 0.770545 0.262793
iter 110 error: 0.382021 (reprojection stddev in pixels)
iter 111 error: 0.381954 (reprojection stddev in pixels)
iter 112 error: 0.381904 (reprojection stddev in pixels)
iter 113 error: 0.381864 (reprojection stddev in pixels)
iter 114 error: 0.381819 (reprojection stddev in pixels)
iter 115 error: 0.381783 (reprojection stddev in pixels)
iter 116 error: 0.381752 (reprojection stddev in pixels)
iter 117 error: 0.381722 (reprojection stddev in pixels)
iter 118 error: 0.381694 (reprojection stddev in pixels)
iter 119 error: 0.381668 (reprojection stddev in pixels)
min, max, median distances (weighted): 0.000305557 0.760326 0.261719
iter 120 error: 0.380989 (reprojection stddev in pixels)
iter 121 error: 0.380948 (reprojection stddev in pixels)
iter 122 error: 0.380922 (reprojection stddev in pixels)
iter 123 error: 0.380901 (reprojection stddev in pixels)
iter 124 error: 0.380878 (reprojection stddev in pixels)
iter 125 error: 0.380861 (reprojection stddev in pixels)
iter 126 error: 0.380842 (reprojection stddev in pixels)
iter 127 error: 0.380822 (reprojection stddev in pixels)
iter 128 error: 0.380801 (reprojection stddev in pixels)
iter 129 error: 0.380785 (reprojection stddev in pixels)
min, max, median distances (weighted): 0.000986053 0.751931 0.262284
iter 130 error: 0.380613 (reprojection stddev in pixels)
iter 131 error: 0.380593 (reprojection stddev in pixels)
iter 132 error: 0.38058 (reprojection stddev in pixels)
iter 133 error: 0.380565 (reprojection stddev in pixels)
iter 134 error: 0.380552 (reprojection stddev in pixels)
iter 135 error: 0.380538 (reprojection stddev in pixels)
iter 136 error: 0.380525 (reprojection stddev in pixels)
iter 137 error: 0.380512 (reprojection stddev in pixels)
iter 138 error: 0.3805 (reprojection stddev in pixels)
iter 139 error: 0.380487 (reprojection stddev in pixels)
min, max, median distances (weighted): 6.10352e-05 0.754771 0.261796
iter 140 error: 0.379972 (reprojection stddev in pixels)
iter 141 error: 0.379935 (reprojection stddev in pixels)
iter 142 error: 0.379925 (reprojection stddev in pixels)
iter 143 error: 0.379918 (reprojection stddev in pixels)
iter 144 error: 0.379903 (reprojection stddev in pixels)
iter 145 error: 0.379895 (reprojection stddev in pixels)
iter 146 error: 0.379881 (reprojection stddev in pixels)
iter 147 error: 0.379874 (reprojection stddev in pixels)
iter 148 error: 0.379864 (reprojection stddev in pixels)
iter 149 error: 0.379855 (reprojection stddev in pixels)
min, max, median distances (weighted): 0.000172633 0.748583 0.261815
iter 150 error: 0.379841 (reprojection stddev in pixels)
iter 151 error: 0.379835 (reprojection stddev in pixels)
iter 152 error: 0.379824 (reprojection stddev in pixels)
iter 153 error: 0.379814 (reprojection stddev in pixels)
iter 154 error: 0.379807 (reprojection stddev in pixels)
iter 155 error: 0.3798 (reprojection stddev in pixels)
iter 156 error: 0.379791 (reprojection stddev in pixels)
iter 157 error: 0.379783 (reprojection stddev in pixels)
iter 158 error: 0.379775 (reprojection stddev in pixels)
iter 159 error: 0.379767 (reprojection stddev in pixels)
min, max, median distances (weighted): 0.000164342 0.749866 0.261508
iter 160 error: 0.379612 (reprojection stddev in pixels)
iter 161 error: 0.3796 (reprojection stddev in pixels)
iter 162 error: 0.379592 (reprojection stddev in pixels)
iter 163 error: 0.379586 (reprojection stddev in pixels)
iter 164 error: 0.379577 (reprojection stddev in pixels)
iter 165 error: 0.379571 (reprojection stddev in pixels)
iter 166 error: 0.379564 (reprojection stddev in pixels)
iter 167 error: 0.379555 (reprojection stddev in pixels)
iter 168 error: 0.379548 (reprojection stddev in pixels)
iter 169 error: 0.379542 (reprojection stddev in pixels)
min, max, median distances (weighted): 0.00012302 0.748106 0.261016
iter 170 error: 0.379361 (reprojection stddev in pixels)
iter 171 error: 0.379347 (reprojection stddev in pixels)
iter 172 error: 0.379339 (reprojection stddev in pixels)
iter 173 error: 0.379332 (reprojection stddev in pixels)
iter 174 error: 0.379327 (reprojection stddev in pixels)
iter 175 error: 0.379321 (reprojection stddev in pixels)
iter 176 error: 0.379316 (reprojection stddev in pixels)
iter 177 error: 0.37931 (reprojection stddev in pixels)
iter 178 error: 0.379303 (reprojection stddev in pixels)
iter 179 error: 0.379299 (reprojection stddev in pixels)
min, max, median distances (weighted): 0.00012207 0.74766 0.261153
iter 180 error: 0.378991 (reprojection stddev in pixels)
iter 181 error: 0.37898 (reprojection stddev in pixels)
iter 182 error: 0.378974 (reprojection stddev in pixels)
iter 183 error: 0.378966 (reprojection stddev in pixels)
iter 184 error: 0.378961 (reprojection stddev in pixels)
iter 185 error: 0.378957 (reprojection stddev in pixels)
iter 186 error: 0.378952 (reprojection stddev in pixels)
iter 187 error: 0.378945 (reprojection stddev in pixels)
iter 188 error: 0.37894 (reprojection stddev in pixels)
iter 189 error: 0.378937 (reprojection stddev in pixels)
min, max, median distances (weighted): 6.10352e-05 0.74471 0.260783
iter 190 error: 0.378931 (reprojection stddev in pixels)
iter 191 error: 0.378927 (reprojection stddev in pixels)
iter 192 error: 0.378922 (reprojection stddev in pixels)
iter 193 error: 0.378919 (reprojection stddev in pixels)
iter 194 error: 0.378914 (reprojection stddev in pixels)
iter 195 error: 0.378911 (reprojection stddev in pixels)
iter 196 error: 0.378906 (reprojection stddev in pixels)
iter 197 error: 0.378902 (reprojection stddev in pixels)
iter 198 error: 0.378898 (reprojection stddev in pixels)
iter 199 error: 0.378894 (reprojection stddev in pixels)
min, max, median distances (weighted): 6.10352e-05 0.744709 0.260963
iter 200 error: 0.378692 (reprojection stddev in pixels)
iter 201 error: 0.378678 (reprojection stddev in pixels)
iter 202 error: 0.378673 (reprojection stddev in pixels)
iter 203 error: 0.378669 (reprojection stddev in pixels)
iter 204 error: 0.378667 (reprojection stddev in pixels)
iter 205 error: 0.378663 (reprojection stddev in pixels)
iter 206 error: 0.378659 (reprojection stddev in pixels)
iter 207 error: 0.378654 (reprojection stddev in pixels)
iter 208 error: 0.378651 (reprojection stddev in pixels)
iter 209 error: 0.378649 (reprojection stddev in pixels)
min, max, median distances (weighted): 0.000220065 0.744154 0.261171
iter 210 error: 0.378468 (reprojection stddev in pixels)
iter 211 error: 0.378453 (reprojection stddev in pixels)
iter 212 error: 0.378452 (reprojection stddev in pixels)
iter 213 error: 0.378448 (reprojection stddev in pixels)
iter 214 error: 0.378445 (reprojection stddev in pixels)
iter 215 error: 0.378441 (reprojection stddev in pixels)
iter 216 error: 0.378437 (reprojection stddev in pixels)
iter 217 error: 0.378435 (reprojection stddev in pixels)
iter 218 error: 0.37843 (reprojection stddev in pixels)
iter 219 error: 0.378427 (reprojection stddev in pixels)
min, max, median distances (weighted): 0.000444343 0.740672 0.260472
iter 220 error: 0.378424 (reprojection stddev in pixels)
iter 221 error: 0.378421 (reprojection stddev in pixels)
iter 222 error: 0.378418 (reprojection stddev in pixels)
iter 223 error: 0.378416 (reprojection stddev in pixels)
iter 224 error: 0.378413 (reprojection stddev in pixels)
iter 225 error: 0.378411 (reprojection stddev in pixels)
iter 226 error: 0.378408 (reprojection stddev in pixels)
iter 227 error: 0.378405 (reprojection stddev in pixels)
iter 228 error: 0.378402 (reprojection stddev in pixels)
iter 229 error: 0.378397 (reprojection stddev in pixels)
min, max, median distances (weighted): 0.000488281 0.740399 0.260639
iter 230 error: 0.378397 (reprojection stddev in pixels)
iter 231 error: 0.378397 (reprojection stddev in pixels)
iter 232 error: 0.378397 (reprojection stddev in pixels)
iter 233 error: 0.378394 (reprojection stddev in pixels)
iter 234 error: 0.378393 (reprojection stddev in pixels)
iter 235 error: 0.378389 (reprojection stddev in pixels)
iter 236 error: 0.378388 (reprojection stddev in pixels)
iter 237 error: 0.378385 (reprojection stddev in pixels)
iter 238 error: 0.378381 (reprojection stddev in pixels)
iter 239 error: 0.37838 (reprojection stddev in pixels)
min, max, median distances (weighted): 0.000306698 0.740289 0.260935
iter 240 error: 0.378378 (reprojection stddev in pixels)
iter 241 error: 0.378376 (reprojection stddev in pixels)
iter 242 error: 0.378372 (reprojection stddev in pixels)
iter 243 error: 0.378371 (reprojection stddev in pixels)
iter 244 error: 0.378369 (reprojection stddev in pixels)
iter 245 error: 0.378367 (reprojection stddev in pixels)
iter 246 error: 0.378363 (reprojection stddev in pixels)
iter 247 error: 0.378361 (reprojection stddev in pixels)
iter 248 error: 0.378358 (reprojection stddev in pixels)
iter 249 error: 0.378358 (reprojection stddev in pixels)
min, max, median distances (weighted): 0.000477676 0.740125 0.260758
iter 250 error: 0.378354 (reprojection stddev in pixels)
iter 251 error: 0.378354 (reprojection stddev in pixels)
iter 252 error: 0.378353 (reprojection stddev in pixels)
iter 253 error: 0.378349 (reprojection stddev in pixels)
iter 254 error: 0.378349 (reprojection stddev in pixels)
iter 255 error: 0.378348 (reprojection stddev in pixels)
iter 256 error: 0.378344 (reprojection stddev in pixels)
iter 257 error: 0.378342 (reprojection stddev in pixels)
iter 258 error: 0.378342 (reprojection stddev in pixels)
iter 259 error: 0.378342 (reprojection stddev in pixels)
min, max, median distances (weighted): 0.000465831 0.739906 0.26088
iter 260 error: 0.378342 (reprojection stddev in pixels)
iter 261 error: 0.37834 (reprojection stddev in pixels)
iter 262 error: 0.37834 (reprojection stddev in pixels)
iter 263 error: 0.378339 (reprojection stddev in pixels)
iter 264 error: 0.378337 (reprojection stddev in pixels)
iter 265 error: 0.378336 (reprojection stddev in pixels)
iter 266 error: 0.378335 (reprojection stddev in pixels)
iter 267 error: 0.378333 (reprojection stddev in pixels)
iter 268 error: 0.378331 (reprojection stddev in pixels)
iter 269 error: 0.378331 (reprojection stddev in pixels)
min, max, median distances (weighted): 6.10352e-05 0.739715 0.260929
iter 270 error: 0.378329 (reprojection stddev in pixels)
iter 271 error: 0.378327 (reprojection stddev in pixels)
iter 272 error: 0.378327 (reprojection stddev in pixels)
iter 273 error: 0.378324 (reprojection stddev in pixels)
iter 274 error: 0.378322 (reprojection stddev in pixels)
iter 275 error: 0.37832 (reprojection stddev in pixels)
iter 276 error: 0.378319 (reprojection stddev in pixels)
iter 277 error: 0.378318 (reprojection stddev in pixels)
iter 278 error: 0.378318 (reprojection stddev in pixels)
iter 279 error: 0.378314 (reprojection stddev in pixels)
min, max, median distances (weighted): 0.000306698 0.739524 0.261045
iter 280 error: 0.378314 (reprojection stddev in pixels)
iter 281 error: 0.378314 (reprojection stddev in pixels)
iter 282 error: 0.378314 (reprojection stddev in pixels)
iter 283 error: 0.378314 (reprojection stddev in pixels)
iter 284 error: 0.378314 (reprojection stddev in pixels)
iter 285 error: 0.378314 (reprojection stddev in pixels)
iter 286 error: 0.378314 (reprojection stddev in pixels)
iter 287 error: 0.378314 (reprojection stddev in pixels)
iter 288 error: 0.378314 (reprojection stddev in pixels)
iter 289 error: 0.378312 (reprojection stddev in pixels)
min, max, median distances (weighted): 0.00038602 0.739524 0.260868
iter 290 error: 0.37831 (reprojection stddev in pixels)
iter 291 error: 0.378309 (reprojection stddev in pixels)
iter 292 error: 0.378309 (reprojection stddev in pixels)
iter 293 error: 0.378309 (reprojection stddev in pixels)
iter 294 error: 0.378309 (reprojection stddev in pixels)
iter 295 error: 0.378309 (reprojection stddev in pixels)
iter 296 error: 0.378309 (reprojection stddev in pixels)
iter 297 error: 0.378309 (reprojection stddev in pixels)
iter 298 error: 0.378309 (reprojection stddev in pixels)
iter 299 error: 0.378309 (reprojection stddev in pixels)
min, max, median distances (weighted): 0.000281358 0.739469 0.260869
iter 300 error: 0.378309 (reprojection stddev in pixels)
iter 301 error: 0.378309 (reprojection stddev in pixels)
iter 302 error: 0.378309 (reprojection stddev in pixels)
iter 303 error: 0.378309 (reprojection stddev in pixels)
iter 304 error: 0.378308 (reprojection stddev in pixels)
iter 305 error: 0.378305 (reprojection stddev in pixels)
iter 306 error: 0.378304 (reprojection stddev in pixels)
iter 307 error: 0.378304 (reprojection stddev in pixels)
iter 308 error: 0.378304 (reprojection stddev in pixels)
iter 309 error: 0.378304 (reprojection stddev in pixels)
min, max, median distances (weighted): 0.000366211 0.73936 0.26103
iter 310 error: 0.378304 (reprojection stddev in pixels)
iter 311 error: 0.378304 (reprojection stddev in pixels)
iter 312 error: 0.378303 (reprojection stddev in pixels)
iter 313 error: 0.378302 (reprojection stddev in pixels)
iter 314 error: 0.378302 (reprojection stddev in pixels)
iter 315 error: 0.3783 (reprojection stddev in pixels)
iter 316 error: 0.3783 (reprojection stddev in pixels)
iter 317 error: 0.378298 (reprojection stddev in pixels)
iter 318 error: 0.378296 (reprojection stddev in pixels)
iter 319 error: 0.378296 (reprojection stddev in pixels)
min, max, median distances (weighted): 0.00012207 0.739826 0.260922
iter 320 error: 0.378296 (reprojection stddev in pixels)
iter 321 error: 0.378296 (reprojection stddev in pixels)
iter 322 error: 0.378296 (reprojection stddev in pixels)
iter 323 error: 0.378296 (reprojection stddev in pixels)
iter 324 error: 0.378296 (reprojection stddev in pixels)
iter 325 error: 0.378296 (reprojection stddev in pixels)
iter 326 error: 0.378296 (reprojection stddev in pixels)
iter 327 error: 0.378296 (reprojection stddev in pixels)
iter 328 error: 0.378296 (reprojection stddev in pixels)
iter 329 error: 0.378296 (reprojection stddev in pixels)
min, max, median distances (weighted): 0.00012207 0.739826 0.260922
iter 330 error: 0.378295 (reprojection stddev in pixels)
iter 331 error: 0.378295 (reprojection stddev in pixels)
iter 332 error: 0.378295 (reprojection stddev in pixels)
iter 333 error: 0.378295 (reprojection stddev in pixels)
iter 334 error: 0.378293 (reprojection stddev in pixels)
iter 335 error: 0.378293 (reprojection stddev in pixels)
iter 336 error: 0.378293 (reprojection stddev in pixels)
iter 337 error: 0.378293 (reprojection stddev in pixels)
iter 338 error: 0.378293 (reprojection stddev in pixels)
iter 339 error: 0.378293 (reprojection stddev in pixels)
min, max, median distances (weighted): 9.15527e-05 0.739606 0.260881
iter 340 error: 0.378293 (reprojection stddev in pixels)
iter 341 error: 0.378293 (reprojection stddev in pixels)
iter 342 error: 0.378293 (reprojection stddev in pixels)
iter 343 error: 0.378293 (reprojection stddev in pixels)
iter 344 error: 0.378293 (reprojection stddev in pixels)
iter 345 error: 0.378293 (reprojection stddev in pixels)
iter 346 error: 0.378293 (reprojection stddev in pixels)
iter 347 error: 0.378293 (reprojection stddev in pixels)
iter 348 error: 0.378293 (reprojection stddev in pixels)
iter 349 error: 0.378293 (reprojection stddev in pixels)
min, max, median distances (weighted): 9.15527e-05 0.739606 0.260881
iter 350 error: 0.378293 (reprojection stddev in pixels)
iter 351 error: 0.378293 (reprojection stddev in pixels)
iter 352 error: 0.378293 (reprojection stddev in pixels)
iter 353 error: 0.378293 (reprojection stddev in pixels)
iter 354 error: 0.378293 (reprojection stddev in pixels)
camera 0 [0.99998373, -0.0036096112, -0.0046251216, -0.018398859;
 0.0036157505, 0.99999189, 0.0013197215, -0.0016293081;
 0.0046203225, -0.0013364241, 0.99998921, 0.060884964;
 0, 0, 0, 1]
camera 1 [0.9800424, -0.0079945931, -0.1986282, 0.99751538;
 0.0077625634, 0.99996746, -0.0019468587, 0.010665479;
 0.19863738, 0.00036620451, 0.98007363, 0.054099288;
 0, 0, 0, 1]
camera 2 [0.93181348, -0.018044826, -0.36249277, 1.9525288;
 0.012781737, 0.99977541, -0.016912319, 0.033764571;
 0.36271587, 0.011125817, 0.93183404, 0.22173701;
 0, 0, 0, 1]
Final internal calibration:
2737.94         0       1522.93
0       2737.94         1008.64
0       0       1
Final camera poses calibration:
  camera 0
   0.999984     -0.00360961     -0.00462512      | -0.0183989
   0.00361575   0.999992        0.00131972       | -0.00162931
   0.00462032   -0.00133642     0.999989         | 0.060885
  camera 1
   0.980042     -0.00799459     -0.198628        | 0.997515
   0.00776256   0.999967        -0.00194686      | 0.0106655
   0.198637     0.000366205     0.980074         | 0.0540993
  camera 2
   0.931813     -0.0180448      -0.362493        | 1.95253
   0.0127817    0.999775        -0.0169123       | 0.0337646
   0.362716     0.0111258       0.931834         | 0.221737
Press enter to continue...
